0,1,4,11.64992,11.713786,11.777195,11.80325,11.77693,11.713406,11.649649,11.62325 1,-1,4,9.238237,9.306868,9.359654,9.366101,9.326008,9.253997,9.200605,9.194041 1,-1,4,2.896226,2.964544,3.019309,3.029731,2.990354,2.922384,2.865768,2.854746 1,-1,4,3.129956,3.133961,3.18624,3.254889,3.299485,3.296079,3.24557,3.17672 1,-1,4,5.435883,5.491758,5.559723,5.600196,5.586876,5.535273,5.467003,5.425537 1,-1,4,7.675163,7.702198,7.766262,7.829465,7.859919,7.828652,7.765103,7.701372 1,-1,4,10.057461,10.111818,10.180158,10.222546,10.21276,10.160727,10.092256,10.049318
0,1,4,11.862362,11.925753,11.989634,12.016817,11.99162,11.928581,11.864372,11.836839 1,-1,4,9.380193,9.44863,9.502638,9.510996,9.472394,9.400619,9.346022,9.337516 1,-1,4,3.05698,3.124314,3.18233,3.198196,3.163035,3.096694,3.037042,3.02033 1,-1,4,3.413741,3.419727,3.473201,3.541679,3.584738,3.57957,3.527708,3.458954 1,-1,4,5.693841,5.748584,5.816831,5.858787,5.847304,5.79676,5.728274,5.685356 1,-1,4,7.975157,8.002167,8.066215,8.129434,8.159914,8.128651,8.065099,8.001372 1,-1,4,10.319667,10.373412,10.441869,10.48502,10.47611,10.424757,10.356188,10.312498
0,1,6,11.781652,11.844548,11.90888,11.937191,11.913149,11.850618,11.78597,11.757292 1,-1,6,9.242084,9.310356,9.365182,9.374863,9.333848,9.26575,9.213811,9.200478 1,-1,6,2.942316,3.008564,3.068831,3.088929,3.057814,2.992657,2.930366,2.909633 1,-1,6,3.568631,3.571281,3.622572,3.69133,3.737395,3.734863,3.685012,3.61626 1,-1,6,5.671642,5.724678,5.79324,5.837295,5.831717,5.779664,5.707781,5.665902 1,-1,6,8.066587,8.091934,8.1553,8.219205,8.246552,8.221682,8.163763,8.09445 1,-1,6,10.300419,10.353202,10.42181,10.46612,10.460556,10.408316,10.33763,10.294765
0,1,6,11.577708,11.640066,11.704846,11.734323,11.711495,11.64952,11.58443,11.554571 1,-1,6,8.983993,9.052101,9.107614,9.118436,9.078366,9.010456,8.957809,8.94332 1,-1,6,2.714263,2.779077,2.84143,2.865885,2.839054,2.77564,2.710959,2.685917 1,-1,6,3.686072,3.683458,3.731089,3.799964,3.849692,3.852193,3.806348,3.737315 1,-1,6,5.53891,5.58979,5.658589,5.70507,5.702712,5.652849,5.580911,5.536481 1,-1,6,8.078108,8.101062,8.163389,8.228192,8.257822,8.235305,8.178621,8.108286 1,-1,6,10.165856,10.217466,10.28621,10.331867,10.328079,10.277025,10.20608,10.162006
0,1,6,11.378019,11.439796,11.505017,11.535691,11.514127,11.452751,11.38723,11.356156 1,-1,6,8.728581,8.796497,8.852719,8.864745,8.825686,8.757996,8.70462,8.68891 1,-1,6,2.501445,2.564193,2.628636,2.658028,2.636328,2.575337,2.508296,2.478373 1,-1,6,3.823496,3.815977,3.859926,3.928555,3.981473,3.988681,3.946803,3.877848 1,-1,6,5.41955,5.46805,5.536933,5.585843,5.586853,5.539394,5.467574,5.420591 1,-1,6,8.10073,8.12127,8.182477,8.248088,8.279953,8.259808,8.204431,8.133172 1,-1,6,10.038457,10.088827,10.157663,10.20467,10.202707,10.152902,10.08176,10.036461
0,1,6,11.182814,11.243965,11.309616,11.341516,11.321269,11.260537,11.1946,11.162279 1,-1,6,8.476091,8.54378,8.600734,8.61403,8.576055,8.508624,8.454494,8.437496 1,-1,6,2.308078,2.36789,2.434281,2.469196,2.453615,2.395944,2.326759,2.291401 1,-1,6,3.978835,3.966799,4.007122,4.075213,4.130875,4.142434,4.104415,4.035826 1,-1,6,5.314464,5.360353,5.429146,5.480461,5.484973,5.440135,5.368628,5.319116 1,-1,6,8.134361,8.152474,8.212486,8.278815,8.312859,8.295096,8.241086,8.169007 1,-1,6,9.918499,9.96756,10.03644,10.084796,10.084703,10.036214,9.96491,9.918404
0,1,6,10.99233,11.052809,11.118877,11.152031,11.133154,11.073115,11.00677,10.973179 1,-1,6,8.226793,8.294214,8.351923,8.36656,8.329749,8.262619,8.20771,8.189354 1,-1,6,2.139445,2.195158,2.263123,2.304072,2.295697,2.242483,2.171649,2.130423 1,-1,6,4.150075,4.133922,4.170734,4.238063,4.296059,4.311605,4.277288,4.209284 1,-1,6,5.224512,5.267561,5.336068,5.389738,5.397863,5.355861,5.284881,5.232894 1,-1,6,8.178865,8.19455,8.253298,8.320252,8.356412,8.341031,8.288445,8.215647 1,-1,6,9.806254,9.853937,9.922808,9.972509,9.974328,9.927224,9.855813,9.808105
0,1,6,10.806818,10.866572,10.933043,10.96748,10.950029,10.890733,10.824,10.789108 1,-1,6,7.980985,8.048093,8.106579,8.122632,8.087071,8.02029,7.964582,7.944791 1,-1,6,2.001805,2.051959,2.120784,2.168078,2.168,2.120593,2.048979,2.001721 1,-1,6,4.335334,4.315452,4.348911,4.415314,4.475279,4.494455,4.463649,4.396391 1,-1,6,5.150488,5.190473,5.258481,5.314423,5.326249,5.28729,5.217065,5.162689 1,-1,6,8.234065,8.247331,8.304753,8.37224,8.410447,8.397439,8.346326,8.27291 1,-1,6,9.701991,9.748225,9.817032,9.868067,9.87184,9.826188,9.754726,9.705829
0,1,6,10.626539,10.685514,10.752368,10.788115,10.772146,10.713647,10.64655,10.610326 1,-1,6,7.739,7.805743,7.865025,7.882573,7.848358,7.781981,7.725453,7.704148 1,-1,6,1.9019,1.944827,2.013386,2.066973,2.076108,2.035952,1.964833,1.911824 1,-1,6,4.532894,4.50965,4.539937,4.605302,4.666918,4.689383,4.66188,4.59548 1,-1,6,5.093086,5.129798,5.197079,5.255179,5.270761,5.235038,5.165808,5.109163 1,-1,6,8.299748,8.310613,8.366656,8.434585,8.474764,8.46411,8.414511,8.340577 1,-1,6,9.605968,9.650684,9.719369,9.771722,9.777486,9.733353,9.6619,9.611831
0,1,6,10.451762,10.509901,10.577118,10.6142,10.59977,10.542126,10.47468,10.437107 1,-1,6,7.501208,7.567525,7.627622,7.646749,7.613982,7.548074,7.490706,7.467803 1,-1,6,1.845867,1.879938,1.946722,2.00604,2.024901,1.99331,1.924273,1.866348 1,-1,6,4.741216,4.71495,4.742259,4.806519,4.86951,4.894946,4.870534,4.805062 1,-1,6,5.052873,5.086123,5.152439,5.212554,5.231914,5.199597,5.131605,5.072842 1,-1,6,8.375669,8.384158,8.438775,8.507058,8.54913,8.540805,8.49275,8.418397 1,-1,6,9.518436,9.561564,9.630064,9.683717,9.691503,9.648955,9.577575,9.526357
0,1,6,10.282768,10.340012,10.407566,10.446007,10.433174,10.376445,10.30869,10.269732 1,-1,6,7.268021,7.333843,7.39477,7.415564,7.384357,7.318989,7.260767,7.236177 1,-1,6,1.837723,1.861715,1.925026,1.988972,2.01748,1.995361,1.930047,1.868539 1,-1,6,4.958944,4.929967,4.954495,5.017613,5.081744,5.109861,5.088327,5.023824 1,-1,6,5.030261,5.059888,5.125,5.186958,5.210079,5.181311,5.114799,5.054099 1,-1,6,8.46155,8.467699,8.520852,8.589404,8.633286,8.627255,8.580771,8.506092 1,-1,6,9.439631,9.481104,9.549352,9.60428,9.614116,9.573219,9.501977,9.449638
0,1,6,10.119847,10.176131,10.243994,10.283815,10.272639,10.216887,10.14884,10.108489 1,-1,6,7.039894,7.105142,7.16691,7.189464,7.159937,7.095193,7.036106,7.009738 1,-1,6,1.878091,1.891507,1.949802,2.016886,2.054319,2.041973,1.981751,1.918235 1,-1,6,5.184895,5.153485,5.175427,5.237392,5.302466,5.332999,5.314136,5.25062 1,-1,6,5.025488,5.051364,5.115039,5.178644,5.205471,5.180364,5.115562,5.053128 1,-1,6,8.557093,8.560943,8.612603,8.681341,8.726949,8.723172,8.678276,8.603359 1,-1,6,9.369771,9.409524,9.477453,9.533625,9.545534,9.50635,9.435317,9.381889
0,1,6,9.963298,10.018555,10.086694,10.127915,10.118454,10.063745,9.99545,9.95368 1,-1,6,6.817339,6.881923,6.944538,6.968946,6.941232,6.877205,6.817245,6.789006 1,-1,6,1.963983,1.967134,2.019338,2.087976,2.133126,2.13022,2.075956,2.011917 1,-1,6,5.418039,5.384443,5.403984,5.464805,5.530655,5.563368,5.546982,5.48445 1,-1,6,5.038604,5.060642,5.122658,5.187694,5.218134,5.196764,5.133885,5.069939 1,-1,6,8.661977,8.663577,8.713721,8.782568,8.829815,8.828245,8.784947,8.709878 1,-1,6,9.309061,9.347029,9.414569,9.471949,9.485948,9.448539,9.377784,9.323305
0,1,6,9.813424,9.867586,9.935965,9.978601,9.970913,9.917315,9.848807,9.805606 1,-1,6,6.600916,6.664733,6.728194,6.754555,6.728796,6.665593,6.604763,6.574556 1,-1,6,2.089792,2.083611,2.129256,2.198059,2.249496,2.255222,2.207227,2.143828 1,-1,6,5.657486,5.621926,5.639242,5.69894,5.765427,5.800108,5.786016,5.724455 1,-1,6,5.06947,5.087624,5.147779,5.214018,5.247945,5.230348,5.169582,5.104358 1,-1,6,8.775867,8.775271,8.823885,8.892768,8.941568,8.942153,8.900456,8.825314 1,-1,6,9.257679,9.293803,9.360882,9.419428,9.435529,9.39995,9.329548,9.274061
0,1,6,9.670538,9.723532,9.792109,9.836173,9.830315,9.7779,9.709223,9.66458 1,-1,6,6.391252,6.454184,6.518481,6.546895,6.523243,6.460984,6.399292,6.367022 1,-1,6,2.248829,2.234559,2.273705,2.341641,2.397964,2.411268,2.369411,2.307419 1,-1,6,5.90247,5.86514,5.880396,5.939001,6.00601,6.04247,6.030502,5.969889 1,-1,6,5.117766,5.13203,5.190147,5.257357,5.294613,5.280789,5.222297,5.156031 1,-1,6,8.898418,8.895685,8.942759,9.011612,9.061879,9.064562,9.024465,8.949321 1,-1,6,9.215781,9.250005,9.316551,9.376217,9.394425,9.360729,9.290753,9.234305
0,1,6,9.534951,9.586704,9.655434,9.700934,9.696963,9.645802,9.577004,9.530912 1,-1,6,6.189031,6.250944,6.316059,6.346625,6.325243,6.264064,6.201532,6.167103 1,-1,6,2.434591,2.413519,2.446576,2.512986,2.572982,2.592759,2.556631,2.496471 1,-1,6,6.152329,6.113402,6.126749,6.184299,6.251732,6.289804,6.279803,6.220109 1,-1,6,5.183004,5.193414,5.249346,5.317295,5.357698,5.347608,5.291521,5.224447 1,-1,6,9.029277,9.024468,9.070003,9.138761,9.190411,9.195133,9.156626,9.081549 1,-1,6,9.183497,9.215769,9.281709,9.342444,9.362757,9.330993,9.261518,9.204161
0,1,6,9.406982,9.457416,9.526248,9.573188,9.57116,9.521328,9.45246,9.404918 1,-1,6,5.995006,6.055751,6.12165,6.154467,6.135528,6.075581,6.012242,5.975562 1,-1,6,2.641446,2.614745,2.642297,2.706828,2.769519,2.794742,2.763805,2.705652 1,-1,6,6.406493,6.366121,6.3777,6.434234,6.502012,6.541545,6.533368,6.474561 1,-1,6,5.264555,5.271183,5.324813,5.393277,5.436629,5.430203,5.376616,5.308957 1,-1,6,9.168089,9.161269,9.205268,9.273876,9.326824,9.333523,9.296592,9.221644 1,-1,6,9.160929,9.191204,9.256464,9.318212,9.340622,9.310834,9.241935,9.183723
0,1,6,9.286943,9.33598,9.404861,9.45324,9.453206,9.404779,9.335899,9.286908 1,-1,6,5.81,5.869407,5.936043,5.971204,5.954889,5.896344,5.832247,5.793231 1,-1,6,2.864828,2.833497,2.856175,2.918687,2.983327,3.0131,2.986784,2.930655 1,-1,6,6.66447,6.622788,6.632726,6.688287,6.756342,6.797205,6.79072,6.732766 1,-1,6,5.361673,5.364623,5.415869,5.484639,5.530727,5.527865,5.476842,5.408809 1,-1,6,9.314497,9.305733,9.348206,9.416613,9.470779,9.479391,9.444016,9.369253 1,-1,6,9.148149,9.176385,9.240894,9.303596,9.328088,9.300312,9.232063,9.173055
0,1,6,9.175146,9.222708,9.291577,9.34139,9.343399,9.296454,9.227622,9.177192 1,-1,6,5.634901,5.692781,5.760087,5.797681,5.784177,5.72722,5.662435,5.621006 1,-1,6,3.101168,3.066028,3.084435,3.144925,3.210956,3.244527,3.222287,3.168111 1,-1,6,6.925833,6.88296,6.891376,6.946006,7.014283,7.056358,7.051443,6.994306 1,-1,6,5.473531,5.472934,5.521742,5.590624,5.639232,5.639811,5.591386,5.523169 1,-1,6,9.468149,9.457509,9.498471,9.56663,9.621936,9.632395,9.598556,9.524027 1,-1,6,9.145197,9.171361,9.235049,9.298641,9.325193,9.299462,9.231936,9.172193
0,1,6,9.071896,9.117903,9.186697,9.237931,9.242029,9.196643,9.127925,9.076069 1,-1,6,5.470658,5.526805,5.594694,5.634795,5.624296,5.569132,5.503746,5.459844 1,-1,6,3.347723,3.309433,3.324116,3.382658,3.449674,3.486423,3.467765,3.415424 1,-1,6,7.190214,7.146256,7.153256,7.206999,7.27545,7.318633,7.315177,7.258823 1,-1,6,5.599245,5.59525,5.641599,5.71042,5.761332,5.765212,5.719388,5.651158 1,-1,6,9.6287,9.616252,9.655722,9.723592,9.779963,9.792202,9.759872,9.685623 1,-1,6,9.152083,9.176147,9.238946,9.303362,9.331947,9.308286,9.24155,9.181139
0,1,6,8.977489,9.021861,9.090512,9.14315,9.149377,9.105626,9.037091,8.983831 1,-1,6,5.31828,5.372466,5.440827,5.483496,5.476194,5.423045,5.357171,5.310751 1,-1,6,3.602395,3.561484,3.572919,3.629627,3.69733,3.736754,3.721243,3.6706 1,-1,6,7.45729,7.41234,7.418024,7.470921,7.539508,7.583704,7.581609,7.526002 1,-1,6,5.737904,5.730676,5.774569,5.843177,5.896181,5.903207,5.859967,5.791872 1,-1,6,9.795809,9.781622,9.819622,9.887166,9.94453,9.958485,9.927635,9.853704 1,-1,6,9.168786,9.190729,9.252574,9.317744,9.348328,9.326755,9.26088,9.199864
0,1,6,8.892205,8.934864,9.0033,9.057318,9.06571,9.02367,8.95539,8.900753 1,-1,6,5.178813,5.230794,5.299491,5.344768,5.340853,5.289953,5.223728,5.174772 1,-1,6,3.86358,3.820469,3.829067,3.884072,3.952246,3.993935,3.981194,3.93211 1,-1,6,7.726783,7.680925,7.685381,7.737472,7.806163,7.85129,7.850463,7.795569 1,-1,6,5.888595,5.878304,5.919768,5.988033,6.042926,6.052936,6.012239,5.944406 1,-1,6,9.969146,9.953288,9.989843,10.057031,10.115319,10.130923,10.10152,10.027944 1,-1,6,9.195251,9.215059,9.27589,9.341744,9.374286,9.354814,9.289862,9.228309
0,1,6,8.816309,8.857179,8.925324,8.980692,8.99128,8.951022,8.883075,8.827094 1,-1,6,5.053327,5.102845,5.171712,5.219614,5.219263,5.17086,5.104448,5.052965 1,-1,6,4.130043,4.085071,4.09118,4.144615,4.213105,4.256725,4.24643,4.198771 1,-1,6,7.998449,7.951756,7.955066,8.006391,8.075158,8.121142,8.121498,8.067284 1,-1,6,6.050418,6.037241,6.076319,6.144132,6.200722,6.213552,6.17534,6.107876 1,-1,6,10.148393,10.130931,10.16607,10.232873,10.29202,10.309209,10.28123,10.208029 1,-1,6,9.231394,9.249061,9.30882,9.375286,9.409741,9.392377,9.328406,9.266384
0,1,6,8.750046,8.789052,8.856828,8.913509,8.926316,8.887912,8.820375,8.763091 1,-1,6,4.942885,4.989674,5.058519,5.10903,5.112408,5.066752,5.000345,4.946376 1,-1,6,4.400825,4.354265,4.358183,4.410176,4.478868,4.524145,4.516019,4.46966 1,-1,6,8.272073,8.224612,8.226851,8.277446,8.346268,8.393041,8.394505,8.340939 1,-1,6,6.222504,6.206617,6.243369,6.31064,6.368748,6.384231,6.348435,6.281428 1,-1,6,10.333241,10.314242,10.347994,10.41439,10.474334,10.493044,10.46644,10.393654 1,-1,6,9.277103,9.292629,9.351264,9.41827,9.454588,9.439329,9.376395,9.313971
0,1,6,8.693636,8.730707,8.798034,8.855985,8.871026,8.834544,8.767498,8.708958 1,-1,6,4.848516,4.892306,4.960908,5.013981,5.021226,4.97857,4.912383,4.856009 1,-1,6,4.675176,4.627251,4.62923,4.679901,4.748712,4.795424,4.789226,4.744055 1,-1,6,8.547468,8.499299,8.500535,8.550435,8.619293,8.666795,8.669295,8.616349 1,-1,6,6.404027,6.385603,6.420098,6.486756,6.546218,6.564191,6.53073,6.46425 1,-1,6,10.523397,10.502924,10.535321,10.60129,10.661974,10.682143,10.65689,10.584528 1,-1,6,9.332237,9.345628,9.403092,9.470567,9.508693,9.495531,9.433685,9.370926
0,1,6,8.647272,8.682342,8.749138,8.808308,8.825594,8.791095,8.724622,8.66488 1,-1,6,4.771175,4.811702,4.879817,4.935364,4.946586,4.907173,4.841442,4.782783 1,-1,6,4.952501,4.903394,4.903649,4.95311,5.021979,5.069938,5.065466,5.021379 1,-1,6,8.824466,8.775642,8.775939,8.825178,8.894055,8.942232,8.945706,8.893349 1,-1,6,6.594207,6.573412,6.60573,6.671718,6.732382,6.752688,6.721476,6.655578 1,-1,6,10.718577,10.696692,10.727767,10.793293,10.854662,10.876229,10.85229,10.780372 1,-1,6,9.39663,9.4079,9.464151,9.532022,9.571899,9.560821,9.500109,9.437078
0,1,6,8.611116,8.644124,8.710305,8.770639,8.790172,8.757714,8.691895,8.63101 1,-1,6,4.7117,4.748715,4.816079,4.873976,4.889245,4.853302,4.788279,4.727494 1,-1,6,5.23233,5.182189,5.180905,5.229256,5.298139,5.347192,5.344268,5.301173 1,-1,6,9.102923,9.053492,9.052906,9.101515,9.170399,9.219203,9.223591,9.171796 1,-1,6,6.792317,6.76931,6.799535,6.864812,6.926541,6.949027,6.919974,6.854699 1,-1,6,10.918512,10.895276,10.925063,10.990131,11.052135,11.075042,11.05237,10.98092 1,-1,6,9.470092,9.479262,9.534262,9.602462,9.644027,9.635014,9.575474,9.512236
0,1,6,8.585297,8.616189,8.681671,8.743107,8.76488,8.734514,8.669431,8.607469 1,-1,6,4.670773,4.704053,4.77039,4.830472,4.849817,4.817543,4.753491,4.690776 1,-1,6,5.514279,5.463232,5.460566,5.507897,5.576762,5.62678,5.625252,5.583065 1,-1,6,9.382708,9.332713,9.331297,9.379307,9.448186,9.497573,9.502821,9.451562 1,-1,6,6.997683,6.972617,7.000834,7.06537,7.128041,7.152564,7.125577,7.060955 1,-1,6,11.122945,11.098417,11.126949,11.191551,11.254142,11.27833,11.2569,11.18592 1,-1,6,9.552416,9.55951,9.613228,9.681688,9.724878,9.717905,9.659572,9.596188
0,1,6,8.569908,8.598635,8.663338,8.725809,8.749807,8.721578,8.657311,8.594341 1,-1,6,4.648884,4.678241,4.743271,4.805338,4.828739,4.800303,4.737482,4.673069 1,-1,6,5.798041,5.746192,5.74228,5.788675,5.857498,5.90837,5.908106,5.866754 1,-1,6,9.663706,9.613186,9.610989,9.658427,9.727292,9.777223,9.78328,9.732534 1,-1,6,7.209686,7.182702,7.209,7.272776,7.336278,7.3627,7.337687,7.273739 1,-1,6,11.331633,11.30587,11.333182,11.397308,11.460441,11.485858,11.46563,11.39513 1,-1,6,9.643374,9.648422,9.700833,9.769489,9.814237,9.809274,9.752177,9.688705
0,1,6,8.565006,8.591527,8.65537,8.718805,8.745006,8.718951,8.655579,8.591676 1,-1,6,4.646302,4.67159,4.735042,4.798864,4.826254,4.801781,4.740442,4.674586 1,-1,6,6.083362,6.030801,6.025761,6.071292,6.140057,6.191691,6.192575,6.151992 1,-1,6,9.945815,9.894806,9.891872,9.938765,10.007609,10.058046,10.06487,10.01461 1,-1,6,7.427758,7.398989,7.423455,7.486461,7.550695,7.578888,7.555757,7.492495 1,-1,6,11.544346,11.517401,11.543527,11.607173,11.670806,11.697398,11.67833,11.608324 1,-1,6,9.742724,9.745762,9.796845,9.865634,9.911875,9.908888,9.85305,9.789545
0,1,6,8.570608,8.594892,8.657796,8.72212,8.750493,8.726643,8.664239,8.599481 1,-1,6,4.66306,4.684183,4.745801,4.811124,4.842389,4.821959,4.762337,4.695311 1,-1,6,6.370031,6.316833,6.310768,6.355502,6.424196,6.476513,6.478445,6.438571 1,-1,6,10.228941,10.177476,10.173846,10.220219,10.289035,10.339946,10.34749,10.297699 1,-1,6,7.651379,7.620948,7.64367,7.705902,7.770778,7.800624,7.779284,7.716713 1,-1,6,11.760864,11.732789,11.757765,11.820925,11.885021,11.912737,11.8948,11.825285 1,-1,6,9.850212,9.851279,9.901019,9.969882,10.017548,10.016499,9.961939,9.898454
0,1,6,8.586695,8.608715,8.670607,8.735743,8.76625,8.744626,8.683262,8.61773 1,-1,6,4.69895,4.715866,4.77542,4.841976,4.876959,4.860604,4.802906,4.73499 1,-1,6,6.657875,6.604104,6.597105,6.641101,6.709717,6.762648,6.765538,6.72632 1,-1,6,10.513004,10.46111,10.456823,10.502699,10.571483,10.622837,10.63106,10.58172 1,-1,6,7.880076,7.8481,7.869161,7.930621,7.996061,8.027448,8.007813,7.945933 1,-1,6,11.980982,11.951827,11.975685,12.038359,12.102881,12.131673,12.11483,12.045811 1,-1,6,9.965574,9.964713,10.0131,10.081983,10.131006,10.131852,10.07858,10.015167
0,1,6,8.613207,8.632949,8.693758,8.759624,8.79222,8.772837,8.71258,8.646355 1,-1,6,4.753539,4.766258,4.82355,4.891069,4.929578,4.917282,4.861683,4.793153 1,-1,6,6.946748,6.892461,6.884606,6.927918,6.996449,7.049936,7.053705,7.015096 1,-1,6,10.797928,10.745634,10.740724,10.786126,10.854872,10.906642,10.91551,10.866599 1,-1,6,8.113421,8.080006,8.099488,8.160182,8.226117,8.258941,8.240927,8.179733 1,-1,6,12.204505,12.174316,12.197091,12.259279,12.324193,12.354015,12.33823,12.269709 1,-1,6,10.088542,10.085799,10.132827,10.201676,10.251989,10.254688,10.20272,10.139416
0,1,6,8.650049,8.667504,8.727167,8.793682,8.828315,8.811178,8.752089,8.685254 1,-1,6,4.826193,4.834773,4.889646,4.95786,4.999674,4.991377,4.938018,4.869138 1,-1,6,7.236526,7.181771,7.173131,7.215806,7.284251,7.338241,7.34282,7.304776 1,-1,6,11.083648,11.030978,11.025477,11.070426,11.139132,11.191293,11.20078,11.152272 1,-1,6,8.351024,8.316268,8.334249,8.394188,8.460556,8.494722,8.478247,8.417733 1,-1,6,12.431248,12.400073,12.421797,12.483499,12.548774,12.579582,12.56482,12.496797 1,-1,6,10.218839,10.214262,10.259931,10.328699,10.380235,10.384739,10.33408,10.270927
0,1,6,8.697088,8.712258,8.770715,8.837797,8.874409,8.859517,8.801651,8.73429 1,-1,6,4.916111,4.920656,4.972991,5.041646,5.086526,5.082129,5.031111,4.962126 1,-1,6,7.527105,7.471924,7.462561,7.504644,7.572999,7.627449,7.632776,7.595258 1,-1,6,11.370104,11.317079,11.311019,11.355534,11.424196,11.476725,11.48679,11.438678 1,-1,6,8.592532,8.556526,8.57308,8.632277,8.699023,8.734443,8.719431,8.659585 1,-1,6,12.66104,12.62892,12.649626,12.710844,12.776453,12.808203,12.79444,12.726906 1,-1,6,10.356191,10.34983,10.394142,10.462783,10.515478,10.521739,10.47238,10.409425
0,1,6,8.754162,8.767055,8.824253,8.891821,8.93035,8.917692,8.861098,8.793294 1,-1,6,5.022365,5.023014,5.072736,5.141596,5.189292,5.188663,5.140052,5.071182 1,-1,6,7.818396,7.762826,7.752794,7.794325,7.86259,7.917459,7.92348,7.886452 1,-1,6,11.657241,11.603883,11.597291,11.641391,11.710007,11.762883,11.7735,11.725764 1,-1,6,8.837625,8.800452,8.815651,8.874121,8.941197,8.977788,8.964167,8.904976 1,-1,6,12.893717,12.860694,12.880413,12.941151,13.007065,13.039718,13.02691,12.959873 1,-1,6,10.500318,10.492225,10.535188,10.603662,10.657452,10.66542,10.61736,10.554635
0,1,6,8.821074,8.831709,8.887601,8.955573,8.995952,8.985511,8.930233,8.862065 1,-1,6,5.143943,5.140864,5.187933,5.256789,5.307047,5.310029,5.263858,5.195293 1,-1,6,8.110321,8.054395,8.043743,8.084758,8.152932,8.208187,8.214851,8.178282 1,-1,6,11.945009,11.891337,11.884239,11.927941,11.996509,12.049713,12.06086,12.01348 1,-1,6,9.086011,9.047749,9.061661,9.11942,9.186784,9.22447,9.212171,9.153621 1,-1,6,13.129125,13.095237,13.114001,13.174262,13.240458,13.273975,13.2621,13.195548 1,-1,6,10.650947,10.641175,10.682798,10.751068,10.805891,10.815515,10.76875,10.706283
0,1,6,8.897604,8.906003,8.96055,9.028849,9.071006,9.062759,9.008833,8.94038 1,-1,6,5.279787,5.273168,5.317579,5.386246,5.438819,5.445236,5.401505,5.333409 1,-1,6,8.402815,8.346562,8.335335,8.375866,8.443951,8.49956,8.506823,8.470684 1,-1,6,12.233366,12.179397,12.171818,12.215138,12.283658,12.33717,12.34882,12.301784 1,-1,6,9.33743,9.298149,9.310838,9.367905,9.435518,9.47423,9.463186,9.405262 1,-1,6,13.367121,13.332406,13.350245,13.410033,13.476488,13.510833,13.49985,13.433788 1,-1,6,10.807807,10.796408,10.836705,10.904737,10.960533,10.971761,10.92628,10.864101
0,1,6,8.983504,8.9897,9.042867,9.111418,9.15528,9.149196,9.096651,9.027988 1,-1,6,5.428826,5.418867,5.460646,5.528966,5.583615,5.59328,5.551965,5.484473 1,-1,6,8.695821,8.639266,8.627503,8.66758,8.735577,8.791513,8.799335,8.7636 1,-1,6,12.52227,12.468021,12.459982,12.502936,12.571406,12.625211,12.63734,12.590635 1,-1,6,9.591643,9.551408,9.562934,9.619328,9.687157,9.72683,9.71698,9.659666 1,-1,6,13.607569,13.572062,13.589004,13.648326,13.715019,13.750156,13.74005,13.67446 1,-1,6,10.970628,10.957657,10.996644,11.064407,11.121119,11.1339,11.08969,11.027823
0,1,6,9.078511,9.08254,9.134301,9.203029,9.248522,9.244565,9.193425,9.124624 1,-1,6,5.590005,5.576912,5.616107,5.68395,5.740449,5.75317,5.714225,5.647444 1,-1,6,8.989289,8.932454,8.920191,8.959842,9.027752,9.083991,9.092336,9.056979 1,-1,6,12.811684,12.757169,12.748692,12.791295,12.859714,12.913796,12.92638,12.879995 1,-1,6,9.848432,9.807304,9.817724,9.873464,9.941479,9.982054,9.97334,9.916619 1,-1,6,13.850341,13.814076,13.83015,13.889011,13.955921,13.991818,13.98255,13.917437 1,-1,6,11.139151,11.12466,11.162356,11.229823,11.287395,11.301678,11.25873,11.19719
0,1,6,9.182339,9.184245,9.234579,9.303417,9.350463,9.348592,9.298875,9.230003 1,-1,6,5.762305,5.746283,5.782963,5.850223,5.908363,5.923948,5.887311,5.821324 1,-1,6,9.283174,9.22608,9.21335,9.252599,9.320425,9.376944,9.385777,9.350778 1,-1,6,13.101574,13.046807,13.037912,13.080178,13.148546,13.202891,13.21591,13.169831 1,-1,6,10.107602,10.065636,10.075004,10.130109,10.198285,10.239707,10.23207,10.175929 1,-1,6,14.095316,14.058325,14.073558,14.131966,14.199075,14.2357,14.22725,14.1626 1,-1,6,11.31312,11.297162,11.333587,11.400734,11.459114,11.474847,11.43313,11.37195
0,1,6,9.294695,9.294524,9.343418,9.4123,9.460823,9.460991,9.412708,9.343829 1,-1,6,5.944759,5.926009,5.960257,6.02685,6.086441,6.104699,6.070295,6.005165 1,-1,6,9.577438,9.520104,9.506936,9.545806,9.613549,9.670329,9.679621,9.644959 1,-1,6,13.39191,13.336904,13.327609,13.36955,13.437867,13.492462,13.50589,13.460113 1,-1,6,10.368974,10.326222,10.334589,10.389077,10.457391,10.499609,10.493,10.437419 1,-1,6,14.342383,14.304696,14.319115,14.377075,14.444367,14.481691,14.47402,14.409838 1,-1,6,11.492289,11.474916,11.510091,11.576898,11.636034,11.653167,11.61267,11.551859
0,1,0,9.137619,7.545348,7.586861,7.655124,7.710004,7.719861,7.679067,7.611019 1,-1,0,5.839235,4.710169,4.723311,4.780843,4.848275,4.886435,4.873732,4.81731 1,-1,0,9.624578,9.63932,9.611599,9.637009,9.700378,9.76428,9.791569,9.766561 1,-1,0,13.433,13.266466,13.24644,13.279172,13.345234,13.405761,13.425549,13.393175 1,-1,0,10.35014,9.763143,9.757496,9.80237,9.87107,9.92329,9.928843,9.884543 1,-1,0,14.30704,13.498831,13.503631,13.555804,13.624491,13.669501,13.66476,13.613005 1,-1,0,11.37566,10.089193,10.115197,10.178806,10.242475,10.269187,10.243574,10.180369
0,1,0,8.864145,9.136211,9.184234,9.253113,9.302487,9.303869,9.256466,9.187612 1,-1,0,5.6147,5.819292,5.851475,5.917435,5.978149,5.998614,5.967224,5.901821 1,-1,0,9.578618,9.569919,9.555173,9.592702,9.660136,9.717803,9.732303,9.695315 1,-1,0,13.36644,13.37298,13.362532,13.403544,13.471702,13.526993,13.537314,13.496708 1,-1,0,10.21409,10.304496,10.311354,10.364904,10.433395,10.476785,10.470035,10.417024 1,-1,0,14.14445,14.26189,14.27525,14.33262,14.400134,14.438351,14.425143,14.368142 1,-1,0,11.14169,11.36289,11.39703,11.463537,11.523272,11.541548,11.507836,11.441587
0,1,0,8.592443,8.861802,8.909162,8.978024,9.028027,9.030326,8.983605,8.914786 1,-1,0,5.397503,5.592615,5.622701,5.687957,5.749719,5.772364,5.743062,5.678439 1,-1,0,9.541873,9.522738,9.50591,9.541632,9.608602,9.667394,9.683942,9.648747 1,-1,0,13.30631,13.305479,13.293542,13.333334,13.40126,13.457428,13.469219,13.429829 1,-1,0,10.08513,10.166996,10.172071,10.224483,10.29314,10.337883,10.33289,10.28103 1,-1,0,13.98641,14.098323,14.110484,14.167174,14.234917,14.274131,14.262109,14.205798 1,-1,0,10.91095,11.127824,11.160972,11.227177,11.287462,11.306818,11.274099,11.208171
0,1,0,8.322684,8.589104,8.635749,8.704582,8.755242,8.758517,8.712529,8.64376 1,-1,0,5.188567,5.37313,5.400904,5.465316,5.528134,5.553108,5.526099,5.462404 1,-1,0,9.51445,9.484815,9.465903,9.499766,9.566202,9.626076,9.644673,9.611321 1,-1,0,13.25271,13.244431,13.230996,13.269537,13.337195,13.394222,13.407493,13.369349 1,-1,0,9.963532,10.036583,10.039822,10.09103,10.159809,10.205912,10.202726,10.152082 1,-1,0,13.83307,13.939293,13.950224,14.0062,14.074155,14.114376,14.103572,14.047985 1,-1,0,10.68365,10.895946,10.928051,10.993921,11.054764,11.075241,11.043564,10.977991
0,1,0,8.055065,8.318287,8.364159,8.432945,8.484295,8.488606,8.44341,8.37471 1,-1,0,4.988929,5.161755,5.18698,5.25038,5.314251,5.341706,5.317214,5.254621 1,-1,0,9.49643,9.456263,9.43527,9.467226,9.53306,9.593964,9.61461,9.583146 1,-1,0,13.2057,13.189925,13.174986,13.212246,13.2796,13.337466,13.352223,13.315355 1,-1,0,9.849579,9.913535,9.914889,9.964823,10.033679,10.081144,10.079813,10.030451 1,-1,0,13.68459,13.784958,13.794628,13.849854,13.918005,13.959242,13.949686,13.894857 1,-1,0,10.46001,10.667466,10.698472,10.763973,10.825378,10.847017,10.816437,10.751255
0,1,0,7.789805,8.049539,8.094576,8.163294,8.215368,8.220781,8.17644,8.107833 1,-1,0,4.799749,4.959526,4.981944,5.044136,5.109038,5.139128,5.117398,5.056108 1,-1,0,9.487866,9.437165,9.414102,9.444109,9.509271,9.571153,9.593838,9.564302 1,-1,0,13.16536,13.142044,13.125596,13.161545,13.228559,13.287242,13.303491,13.267926 1,-1,0,9.743532,9.798131,9.797552,9.846142,9.915025,9.963849,9.964418,9.916407 1,-1,0,13.54113,13.635478,13.643854,13.698294,13.766621,13.808883,13.800607,13.746572 1,-1,0,10.24028,10.442605,10.472454,10.537549,10.599519,10.622363,10.592936,10.528184
0,1,0,7.527155,7.783076,7.827207,7.895834,7.948664,7.955254,7.911837,7.84335 1,-1,0,4.622313,4.767607,4.786937,4.847693,4.91358,4.946459,4.927755,4.867998 1,-1,0,9.488785,9.42758,9.402464,9.430483,9.494905,9.557708,9.582418,9.554844 1,-1,0,13.13176,13.100859,13.0829,13.11751,13.184148,13.243626,13.261367,13.227133 1,-1,0,9.645654,9.690642,9.688087,9.735262,9.804118,9.854293,9.856806,9.810215 1,-1,0,13.40284,13.491013,13.498065,13.551682,13.620163,13.663457,13.656491,13.603287 1,-1,0,10.02471,10.221604,10.250234,10.31488,10.377418,10.40151,10.373297,10.309018
0,1,6,7.527155,7.519139,7.562286,7.630793,7.684417,7.692261,7.679067,7.581512 1,-1,6,4.624204,4.587294,4.603234,4.662289,4.729087,4.7649,4.871739,4.691545 1,-1,6,9.491619,9.427537,9.40039,9.42639,9.490007,9.553669,9.788733,9.554802 1,-1,6,13.127047,13.066434,13.046964,13.08021,13.146435,13.206682,13.43026,13.193038 1,-1,6,9.643439,9.591336,9.586763,9.632452,9.701223,9.752739,9.931085,9.712132 1,-1,6,13.396479,13.351727,13.357423,13.410179,13.478793,13.523124,13.6711,13.465163 1,-1,6,10.030493,10.004718,10.032064,10.096216,10.159321,10.184705,10.2378,10.094009
0,1,0,7.424625,7.412857,7.452997,7.521013,7.57689,7.588404,7.548985,7.481223 1,-1,0,4.716145,4.676352,4.686232,4.741896,4.809914,4.850698,4.841154,4.786644 1,-1,0,9.798813,9.736707,9.707643,9.731673,9.794449,9.858884,9.887504,9.863853 1,-1,0,13.40404,13.337867,13.316766,13.348503,13.414237,13.47529,13.496143,13.464754 1,-1,0,9.84422,9.788092,9.78085,9.824499,9.893065,9.946302,9.953423,9.910342 1,-1,0,13.5408,13.488203,13.49184,13.543247,13.612011,13.657887,13.654294,13.603308 1,-1,0,10.03115,10.008465,10.03311,10.096148,10.160354,10.188387,10.164118,10.101505
0,1,0,7.173706,7.160422,7.199317,7.26708,7.323815,7.336804,7.298642,7.231174 1,-1,0,4.574955,4.532268,4.538256,4.591556,4.660072,4.703838,4.69806,4.645982 1,-1,0,9.818052,9.755134,9.724162,9.746193,9.80807,9.873217,9.903723,9.882044 1,-1,0,13.38449,13.317578,13.295009,13.325364,13.390622,13.45237,13.474675,13.444657 1,-1,0,9.765802,9.708343,9.699073,9.741129,9.809471,9.863961,9.873076,9.831585 1,-1,0,13.41594,13.362365,13.364608,13.415079,13.483911,13.530806,13.52859,13.478545 1,-1,0,9.829323,9.805231,9.828444,9.890856,9.955592,9.984991,9.962144,9.900181
0,1,0,6.926692,6.911789,6.949328,7.016785,7.074409,7.088971,7.052175,6.98506 1,-1,0,4.449539,4.403934,4.405765,4.456367,4.525182,4.571969,4.570205,4.520877 1,-1,0,9.846399,9.782731,9.749889,9.769907,9.830831,9.896627,9.928984,9.909287 1,-1,0,13.37164,13.304024,13.279995,13.30895,13.373697,13.436111,13.459861,13.431231 1,-1,0,9.696036,9.637277,9.625956,9.666354,9.734409,9.790125,9.801256,9.761416 1,-1,0,13.29667,13.242129,13.242951,13.292447,13.361319,13.409233,13.408421,13.359354 1,-1,0,9.632607,9.607068,9.628775,9.690503,9.755757,9.786565,9.765209,9.703956
0,1,0,6.684015,6.667384,6.703444,6.770531,6.829075,6.845314,6.810005,6.743311 1,-1,0,4.341265,4.292763,4.290194,4.337744,4.406616,4.456424,4.458898,4.412654 1,-1,0,9.883775,9.81942,9.78475,9.80275,9.862668,9.929051,9.963219,9.945509 1,-1,0,13.36552,13.297227,13.271747,13.299285,13.363486,13.426537,13.451724,13.424499 1,-1,0,9.63511,9.575087,9.561696,9.600376,9.668078,9.724987,9.738153,9.700022 1,-1,0,13.18316,13.127649,13.127024,13.175507,13.24439,13.293319,13.293937,13.245888 1,-1,0,9.441327,9.414294,9.434421,9.495402,9.561161,9.593418,9.573625,9.513146
0,1,0,6.446166,6.427689,6.462133,6.528775,6.588267,6.606296,6.572607,6.506415 1,-1,0,4.251443,4.200119,4.192943,4.237079,4.305725,4.358501,4.365406,4.32258 1,-1,0,9.930078,9.8651,9.828648,9.844629,9.903496,9.970399,10.006334,9.990613 1,-1,0,13.36613,13.297196,13.270278,13.296382,13.360006,13.423662,13.450274,13.424468 1,-1,0,9.583191,9.521947,9.506473,9.543377,9.610657,9.668722,9.683937,9.64757 1,-1,0,13.07554,13.019077,13.016979,13.064409,13.133273,13.183215,13.185286,13.138292 1,-1,0,9.255819,9.227249,9.245718,9.305884,9.372129,9.405875,9.387721,9.328083
0,1,0,6.213699,6.193252,6.225927,6.292036,6.352501,6.372438,6.340518,6.27492 1,-1,0,4.181262,4.127249,4.115309,4.155677,4.223774,4.27941,4.290894,4.251809 1,-1,0,9.985183,9.919646,9.881464,9.89543,9.953202,10.020563,10.058217,10.044477 1,-1,0,13.37347,13.303932,13.275589,13.300248,13.363262,13.427491,13.455514,13.43114 1,-1,0,9.540428,9.478009,9.460445,9.495518,9.562308,9.621486,9.638756,9.604207 1,-1,0,12.97397,12.916561,12.912968,12.959306,13.028118,13.079066,13.082613,13.036714 1,-1,0,9.076438,9.046287,9.063018,9.122296,9.189004,9.224278,9.207839,9.149116
0,1,0,5.987241,5.964693,5.995429,6.060902,6.122358,6.144329,6.114341,6.049446 1,-1,0,4.131724,4.075214,4.058419,4.094688,4.161883,4.220209,4.236363,4.201317 1,-1,0,10.04895,9.982914,9.943054,9.955016,10.011655,10.079409,10.118732,10.106963 1,-1,0,13.38753,13.317424,13.287673,13.310876,13.373248,13.438019,13.467437,13.444505 1,-1,0,9.506945,9.443402,9.423748,9.456938,9.523168,9.583413,9.602741,9.570056 1,-1,0,12.87859,12.820247,12.815138,12.860343,12.92907,12.981016,12.98606,12.941294 1,-1,0,8.903553,8.87178,8.886692,8.945004,9.012148,9.048985,9.03434,8.976609
0,1,0,5.7675,5.742712,5.771323,5.836039,5.898497,5.922634,5.894758,5.830693 1,-1,0,4.103575,4.044818,4.023154,4.055032,4.120955,4.181744,4.202591,4.17184 1,-1,0,10.1212,10.054738,10.013258,10.023231,10.078702,10.146788,10.187724,10.177912 1,-1,0,13.40829,13.337653,13.306512,13.328249,13.38995,13.455228,13.486025,13.464542 1,-1,0,9.482839,9.418228,9.39649,9.427751,9.493352,9.554613,9.575992,9.545217 1,-1,0,12.78953,12.730275,12.72363,12.767664,12.836271,12.889205,12.895765,12.85217 1,-1,0,8.73755,8.704118,8.717127,8.77439,8.841934,8.880368,8.867599,8.810941
0,1,0,5.555273,5.528102,5.554381,5.618198,5.681659,5.708099,5.68253,5.619444 1,-1,0,4.097258,4.03655,4.010083,4.037338,4.101618,4.164589,4.19008,4.163825 1,-1,0,10.20177,10.134937,10.091895,10.099901,10.154174,10.222531,10.265025,10.257148 1,-1,0,13.43571,13.364586,13.332077,13.352343,13.413343,13.479094,13.51125,13.491223 1,-1,0,9.468181,9.402564,9.378754,9.408045,9.472947,9.535169,9.558589,9.529761 1,-1,0,12.70694,12.646781,12.638581,12.681405,12.749856,12.803765,12.811859,12.769473 1,-1,0,8.57883,8.543701,8.554723,8.610849,8.678755,8.718815,8.708001,8.652506
0,1,0,5.351453,5.321757,5.34548,5.408231,5.472682,5.501564,5.478517,5.41658 1,-1,0,4.112871,4.050546,4.019424,4.041895,4.104177,4.169007,4.19902,4.177394 1,-1,0,10.29046,10.223313,10.178769,10.184832,10.237883,10.306452,10.350446,10.34448 1,-1,0,13.46977,13.398185,13.364328,13.383119,13.443391,13.509582,13.543075,13.524506 1,-1,0,9.463016,9.396456,9.370594,9.397878,9.462015,9.525138,9.550582,9.523735 1,-1,0,12.63093,12.569895,12.560125,12.601701,12.669958,12.724827,12.734471,12.69333 1,-1,0,8.427802,8.390949,8.399898,8.454794,8.523015,8.564727,8.55595,8.501708
0,1,0,5.157039,5.124674,5.145596,5.20709,5.2725,5.303963,5.283669,5.223076 1,-1,0,4.150168,4.086577,4.051021,4.068628,4.128592,4.194929,4.229276,4.21234 1,-1,0,10.38706,10.319657,10.273672,10.277822,10.329629,10.398354,10.44379,10.439706 1,-1,0,13.5104,13.438398,13.403219,13.420532,13.480051,13.546646,13.581453,13.564345 1,-1,0,9.46736,9.399924,9.372034,9.397283,9.460588,9.524551,9.551996,9.527157 1,-1,0,12.56163,12.499738,12.488384,12.528674,12.5967,12.652511,12.663718,12.623859 1,-1,0,8.284888,8.246284,8.253077,8.306645,8.375129,8.418514,8.411854,8.358961
0,1,0,4.973133,4.937962,4.95582,5.015835,5.082151,5.116331,5.099035,5.040011 1,-1,0,4.208572,4.144067,4.10436,4.117105,4.174479,4.241963,4.280394,4.268137 1,-1,0,10.49135,10.423747,10.376384,10.378653,10.429201,10.498028,10.544844,10.542611 1,-1,0,13.55755,13.485167,13.44869,13.464528,13.523268,13.590233,13.62633,13.610681 1,-1,0,9.481198,9.412957,9.383071,9.406261,9.468671,9.533409,9.562825,9.540016 1,-1,0,12.49914,12.436424,12.423476,12.462443,12.530197,12.586932,12.599712,12.56117 1,-1,0,8.150517,8.110141,8.114696,8.166834,8.23552,8.280591,8.276128,8.224683
0,1,0,4.800943,4.76284,4.777358,4.83564,4.90278,4.939803,4.925764,4.868561 1,-1,0,4.287222,4.222142,4.178609,4.186571,4.241141,4.309416,4.351641,4.343982 1,-1,0,10.60311,10.535354,10.486675,10.4871,10.536378,10.605254,10.653392,10.652973 1,-1,0,13.61115,13.538424,13.500677,13.515041,13.57298,13.64028,13.677642,13.663449 1,-1,0,9.504491,9.435515,9.403671,9.424785,9.486239,9.551686,9.583039,9.562274 1,-1,0,12.44358,12.380057,12.365506,12.403117,12.470559,12.528195,12.542557,12.505366 1,-1,0,8.025113,7.982955,7.985191,8.035794,8.104615,8.15138,8.149189,8.099295
0,1,0,4.641773,4.600634,4.611524,4.667787,4.735636,4.775612,4.765097,4.709997 1,-1,0,4.385027,4.319684,4.272678,4.276002,4.327618,4.396349,4.442047,4.438847 1,-1,0,10.72209,10.654242,10.604308,10.602928,10.650927,10.719806,10.769204,10.770563 1,-1,0,13.67113,13.598092,13.559103,13.571999,13.629115,13.696717,13.735315,13.722573 1,-1,0,9.537168,9.467531,9.433771,9.452798,9.51324,9.579328,9.612577,9.593866 1,-1,0,12.39503,12.330734,12.314574,12.350794,12.417884,12.476397,12.492347,12.456539 1,-1,0,7.909108,7.865161,7.865004,7.913962,7.982843,8.031302,8.031456,7.983218
0,1,0,4.497005,4.452754,4.459726,4.513651,4.582058,4.625072,4.61835,4.565661 1,-1,0,4.500739,4.435409,4.385291,4.384177,4.432751,4.501634,4.55047,4.551544 1,-1,0,10.84807,10.78017,10.729043,10.725899,10.772616,10.841451,10.89205,10.895146 1,-1,0,13.73739,13.664087,13.623887,13.63532,13.691595,13.759465,13.799271,13.787973 1,-1,0,9.579133,9.508907,9.47328,9.490216,9.549593,9.616254,9.651354,9.634701 1,-1,0,12.35358,12.288539,12.270768,12.305565,12.372261,12.431625,12.449166,12.414771 1,-1,0,7.802917,7.757186,7.754565,7.80177,7.870628,7.920772,7.923338,7.876862
0,1,0,4.368073,4.320672,4.323443,4.374685,4.443451,4.489555,4.486887,4.436941 1,-1,0,4.633016,4.567936,4.515061,4.509748,4.555248,4.624016,4.675658,4.680784 1,-1,0,10.98081,10.912894,10.860633,10.855769,10.901204,10.969953,11.021695,11.026486 1,-1,0,13.80986,13.736319,13.694937,13.704918,13.760334,13.828438,13.869423,13.85956 1,-1,0,9.630265,9.559524,9.522081,9.53693,9.595193,9.662358,9.69926,9.68466 1,-1,0,12.3193,12.253545,12.234163,12.267508,12.333769,12.393955,12.413088,12.380135 1,-1,0,7.706948,7.659447,7.654299,7.699639,7.768384,7.820195,7.825234,7.780626
0,1,0,4.256413,4.205876,4.204183,4.252374,4.321256,4.370461,4.372089,4.325232 1,-1,0,4.780484,4.715848,4.660556,4.651306,4.693749,4.762178,4.816304,4.825238 1,-1,0,11.12005,11.052169,10.998834,10.992295,11.036451,11.105075,11.157901,11.164344 1,-1,0,13.88843,13.81469,13.772156,13.780697,13.835237,13.903544,13.945676,13.937237 1,-1,0,9.69042,9.619236,9.580033,9.592802,9.649909,9.717509,9.756159,9.743605 1,-1,0,12.29224,12.225815,12.204825,12.23669,12.302473,12.363452,12.384173,12.352689 1,-1,0,7.621587,7.572339,7.564608,7.607973,7.676509,7.729959,7.737525,7.69489
0,1,1,4.039064,3.986564,3.981951,4.028062,4.096875,4.147978,4.152407,4.107693 1,-1,1,4.787833,4.717007,4.662793,4.649443,4.688548,4.756387,4.812919,4.825817 1,-1,1,11.106638,11.0378,10.983884,10.975596,11.018391,11.086841,11.140765,11.14893 1,-1,1,13.807687,13.74448,13.695544,13.702739,13.756445,13.824911,13.868095,13.860986 1,-1,1,9.597026,9.532308,9.48814,9.499023,9.555043,9.622981,9.663175,9.652478 1,-1,1,12.122706,12.06577,12.038559,12.069281,12.134675,12.196233,12.218161,12.187814 1,-1,1,7.422212,7.362088,7.357481,7.39948,7.467822,7.522335,7.531605,7.490346
0,1,1,3.775428,3.721335,3.714264,3.758579,3.827249,3.879866,3.886635,3.843797 1,-1,1,4.741714,4.671968,4.615425,4.597787,4.633209,4.700164,4.759026,4.776069 1,-1,1,11.031592,10.96314,10.907994,10.897896,10.939251,11.007474,11.0625,11.072447 1,-1,1,13.668937,13.60562,13.555646,13.561507,13.614368,13.682967,13.727174,13.721383 1,-1,1,9.446065,9.381125,9.335418,9.344436,9.399346,9.467567,9.509249,9.500388 1,-1,1,11.900074,11.84257,11.814342,11.844034,11.909062,11.971119,11.994117,11.964798 1,-1,1,7.166707,7.105778,7.099647,7.140489,7.208638,7.264007,7.274693,7.234609
0,1,1,3.517624,3.461788,3.451895,3.494074,3.562483,3.616766,3.626209,3.585584 1,-1,1,4.714272,4.645903,4.587228,4.565301,4.596822,4.662603,4.723608,4.744803 1,-1,1,10.964245,10.89623,10.839878,10.827954,10.867818,10.935764,10.991868,11.003615 1,-1,1,13.535414,13.47201,13.420996,13.425494,13.477472,13.546181,13.591415,13.586971 1,-1,1,9.302332,9.237216,9.189955,9.197039,9.250761,9.31922,9.362408,9.355449 1,-1,1,11.680905,11.62282,11.593552,11.622165,11.686794,11.749353,11.773456,11.745211 1,-1,1,6.914778,6.853016,6.84525,6.884828,6.952737,7.009,7.021201,6.982396
0,1,1,3.267033,3.209301,3.196154,3.235768,3.303747,3.359856,3.372365,3.334374 1,-1,1,4.705834,4.639132,4.578556,4.552395,4.579838,4.644157,4.707081,4.732387 1,-1,1,10.904737,10.83721,10.779684,10.76592,10.804246,10.871862,10.929018,10.942577 1,-1,1,13.407276,13.34381,13.291755,13.294861,13.345917,13.41471,13.460973,13.457905 1,-1,1,9.166167,9.100924,9.0521,9.057184,9.109635,9.178285,9.22299,9.217998 1,-1,1,11.465397,11.40673,11.376389,11.403873,11.468067,11.531126,11.556369,11.529249 1,-1,1,6.666829,6.604209,6.594688,6.632883,6.700497,6.757689,6.771511,6.734102
0,1,1,3.025446,2.965679,2.948767,2.985269,3.052572,3.110671,3.126707,3.091875 1,-1,1,4.716501,4.651738,4.589519,4.559235,4.582473,4.645053,4.709645,4.738968 1,-1,1,10.853199,10.78622,10.727545,10.711932,10.748674,10.815906,10.874084,10.889464 1,-1,1,13.284678,13.22118,13.168081,13.169767,13.219861,13.288712,13.336005,13.334341 1,-1,1,9.037912,8.972595,8.922205,8.925224,8.97632,9.045108,9.091338,9.088373 1,-1,1,11.253759,11.19451,11.163064,11.189366,11.253087,11.316646,11.343063,11.317118 1,-1,1,6.423323,6.359821,6.348415,6.385094,6.452345,6.510502,6.526059,6.490178
0,1,2,1.300228,1.240666,2.668641,1.265636,1.333828,1.389401,1.402568,1.366694 1,-1,2,4.012896,3.966435,4.461727,3.846728,3.84456,3.892476,3.961356,4.010818 1,-1,2,9.662195,9.597651,10.54498,9.511273,9.540635,9.605561,9.667751,9.6911 1,-1,2,11.797785,11.728995,12.94245,11.674783,11.721495,11.790329,11.840935,11.844012 1,-1,2,7.551592,7.482888,8.692298,7.426645,7.472659,7.541456,7.592677,7.596849 1,-1,2,9.547059,9.482541,10.89452,9.479129,9.542266,9.606383,9.634207,9.60975 1,-1,2,4.698829,4.640242,6.063505,4.662839,4.730359,4.787844,4.802395,4.765839
0,1,2,2.74626,2.686139,2.372349,2.70476,2.771986,2.830284,2.846789,2.812495 1,-1,2,4.591101,4.531249,4.284314,4.431109,4.450727,4.511648,4.577431,4.610039 1,-1,2,10.670913,10.604246,10.30684,10.527926,10.563501,10.630424,10.689315,10.706013 1,-1,2,13.054287,12.985405,12.66469,12.93792,12.987439,13.056311,13.104201,13.103367 1,-1,2,8.80539,8.736516,8.413361,8.690567,8.740849,8.809689,8.856791,8.85502 1,-1,2,10.981088,10.917018,10.59454,10.915786,10.979356,11.043065,11.069849,11.044283 1,-1,2,6.143329,6.084248,5.767569,6.104597,6.171811,6.230061,6.245811,6.210123
0,1,2,2.448334,2.388707,2.077121,2.409627,2.477156,2.534703,2.55002,2.514823 1,-1,2,4.412551,4.354629,4.121126,4.25033,4.266306,4.32541,4.392183,4.427942 1,-1,2,10.432966,10.36661,10.07199,10.288527,10.323078,10.389712,10.449203,10.46704 1,-1,2,12.776964,12.708081,12.38797,12.659556,12.708657,12.777537,12.825852,12.825616 1,-1,2,8.527091,8.458208,8.135921,8.410739,8.460428,8.529293,8.577012,8.576106 1,-1,2,10.681137,10.617055,10.29455,10.615788,10.679356,10.743067,10.769863,10.744319 1,-1,2,5.846613,5.787802,5.472076,5.809189,5.876533,5.934465,5.949667,5.91353
0,1,2,2.150984,2.092008,1.783487,2.115864,2.183734,2.240296,2.254106,2.217779 1,-1,2,4.247705,4.192061,3.973917,4.083611,4.095578,4.152515,4.220149,4.259211 1,-1,2,10.198293,10.132284,9.840688,10.052381,10.085848,10.152158,10.212259,10.231282 1,-1,2,12.500688,12.43181,12.11236,12.382202,12.430863,12.499747,12.548501,12.54889 1,-1,2,8.250313,8.181434,7.860141,8.132349,8.181396,8.250275,8.298647,8.298663 1,-1,2,10.381189,10.317094,9.994566,10.315791,10.379357,10.44307,10.469878,10.444357 1,-1,2,5.55025,5.491742,5.177101,5.514278,5.581759,5.639333,5.653931,5.617299
0,1,2,1.854488,1.796406,1.492386,1.824132,1.892376,1.947597,1.959435,1.921654 1,-1,2,4.098218,4.045238,3.844523,3.932742,3.940324,3.994696,4.06301,4.105495 1,-1,2,9.967124,9.901503,9.613182,9.819723,9.852042,9.91799,9.978709,9.998967 1,-1,2,12.225531,12.156664,11.83794,12.105929,12.154125,12.223006,12.272215,12.273257 1,-1,2,7.975216,7.906354,7.586199,7.855551,7.903899,7.972782,8.021841,8.022843 1,-1,2,10.081244,10.017136,9.694581,10.015793,10.079357,10.143072,10.169894,10.144398 1,-1,2,5.2543,5.196134,4.882739,5.219946,5.287573,5.344744,5.358669,5.32149
0,1,1,1.559333,1.240666,1.492387,1.53559,1.604207,1.657512,1.666668,1.62695 1,-1,1,3.965827,3.964074,3.847062,3.79961,3.80244,3.853804,3.922557,3.968538 1,-1,1,9.739711,9.598284,9.612704,9.590805,9.621909,9.687453,9.748797,9.770341 1,-1,1,11.951569,11.73437,11.832561,11.830812,11.878517,11.947389,11.997069,11.998795 1,-1,1,7.701978,7.486485,7.582623,7.580519,7.628108,7.696978,7.746763,7.748822 1,-1,1,9.781303,9.487089,9.689922,9.715797,9.779359,9.843076,9.869912,9.844442 1,-1,1,4.958837,4.635653,4.88745,4.926299,4.99408,5.050793,5.063964,5.026179
0,1,2,1.021384,0.960917,0.944946,0.984755,1.053005,1.108461,1.122106,1.087338 1,-1,2,3.987503,3.944734,3.874209,3.822229,3.815046,3.859253,3.92791,3.980619 1,-1,2,9.507812,9.44388,9.381284,9.355215,9.383031,9.447375,9.510267,9.535183 1,-1,2,11.579443,11.510716,11.46429,11.454764,11.500709,11.569496,11.620792,11.624896 1,-1,2,7.337683,7.269123,7.219648,7.210089,7.254846,7.323539,7.375845,7.381666 1,-1,2,9.276182,9.211475,9.187259,9.207083,9.270013,9.334315,9.362609,9.338647 1,-1,2,4.418644,4.359902,4.339969,4.382096,4.449586,4.50716,4.521915,4.485584
0,1,2,0.723116,0.66424,0.653143,0.698282,0.767131,0.81864,0.827521,0.789803 1,-1,2,3.914058,3.875407,3.805932,3.750638,3.738214,3.778269,3.846316,3.902155 1,-1,2,9.295383,9.232048,9.168963,9.141329,9.167712,9.231488,9.29499,9.321329 1,-1,2,11.311373,11.242705,11.19575,11.185412,11.230759,11.2995,11.35132,11.356217 1,-1,2,7.074267,7.005854,6.955515,6.944583,6.988308,7.05689,7.110045,7.117195 1,-1,2,8.976481,8.91174,8.887437,8.9072,8.970106,9.034429,9.062787,9.038905 1,-1,2,4.122388,4.064061,4.044919,4.087862,4.155535,4.212596,4.226509,4.189503
