0,1,4,11.64992,11.713786,11.777195,11.80325,11.77693,11.713406,11.649649,11.62325 1,-1,4,9.238237,9.306868,9.359654,9.366101,9.326008,9.253997,9.200605,9.194041 1,-1,4,2.896226,2.964544,3.019309,3.029731,2.990354,2.922384,2.865768,2.854746 1,-1,4,3.129956,3.133961,3.18624,3.254889,3.299485,3.296079,3.24557,3.17672 1,-1,4,5.435883,5.491758,5.559723,5.600196,5.586876,5.535273,5.467003,5.425537 1,-1,4,7.675163,7.702198,7.766262,7.829465,7.859919,7.828652,7.765103,7.701372 1,-1,4,10.057461,10.111818,10.180158,10.222546,10.21276,10.160727,10.092256,10.049318
0,1,4,11.862362,11.925753,11.989634,12.016817,11.99162,11.928581,11.864372,11.836839 1,-1,4,9.380193,9.44863,9.502638,9.510996,9.472394,9.400619,9.346022,9.337516 1,-1,4,3.05698,3.124314,3.18233,3.198196,3.163035,3.096694,3.037042,3.02033 1,-1,4,3.413741,3.419727,3.473201,3.541679,3.584738,3.57957,3.527708,3.458954 1,-1,4,5.693841,5.748584,5.816831,5.858787,5.847304,5.79676,5.728274,5.685356 1,-1,4,7.975157,8.002167,8.066215,8.129434,8.159914,8.128651,8.065099,8.001372 1,-1,4,10.319667,10.373412,10.441869,10.48502,10.47611,10.424757,10.356188,10.312498
0,1,4,12.078519,12.141434,12.20575,12.234013,12.20992,12.147355,12.082728,12.05411 1,-1,4,9.529482,9.597678,9.65283,9.663034,9.625906,9.554414,9.498691,9.48831 1,-1,4,3.237611,3.303658,3.364257,3.384914,3.353709,3.289178,3.22717,3.205497 1,-1,4,3.700084,3.707741,3.762197,3.830492,3.87222,3.865554,3.812575,3.743952 1,-1,4,5.955739,6.009412,6.077872,6.121157,6.111362,6.061816,5.993173,5.948957 1,-1,4,8.275151,8.302138,8.366171,8.429406,8.459909,8.428651,8.365096,8.301371 1,-1,4,10.58388,10.637034,10.705588,10.749457,10.74139,10.690685,10.622035,10.577638
0,1,6,12.001513,12.063918,12.128661,12.158031,12.135078,12.073041,12.008,11.978261 1,-1,6,9.396442,9.464435,9.520379,9.531907,9.492404,9.424612,9.371559,9.356367 1,-1,6,3.138188,3.202854,3.265383,3.290086,3.263315,3.199872,3.135222,3.11011 1,-1,6,3.850471,3.854979,3.907432,3.976066,4.020836,4.016514,3.965231,3.896685 1,-1,6,5.939068,5.991056,6.059755,6.105014,6.100977,6.049934,5.978005,5.934918 1,-1,6,8.36653,8.391913,8.45529,8.519185,8.546498,8.521575,8.463622,8.39434 1,-1,6,10.567669,10.619869,10.688551,10.733538,10.72885,10.677183,10.60637,10.562907
0,1,6,11.80137,11.863218,11.928387,11.95891,11.937174,11.875711,11.81025,11.779343 1,-1,6,9.142709,9.210502,9.267126,9.27982,9.241305,9.17374,9.119987,9.103614 1,-1,6,2.925444,2.988325,3.052659,3.081636,3.059285,2.997893,2.93119,2.90189 1,-1,6,3.959561,3.959126,4.008245,4.077121,4.125424,4.125842,4.078238,4.009281 1,-1,6,5.812446,5.8623,5.931157,5.978713,5.977786,5.928902,5.856991,5.811492 1,-1,6,8.377638,8.400716,8.463092,8.527856,8.557373,8.534719,8.477955,8.407682 1,-1,6,10.436552,10.487585,10.556378,10.602672,10.599728,10.549238,10.4782,10.433561
0,1,6,11.60553,11.66678,11.732367,11.76407,11.743599,11.682752,11.61689,11.584779 1,-1,6,8.891857,8.959418,9.016741,9.030663,8.993204,8.925899,8.871428,8.853811 1,-1,6,2.729144,2.789606,2.855648,2.889342,2.872146,2.813458,2.744836,2.710932 1,-1,6,4.087802,4.082707,4.128441,4.197229,4.248662,4.253558,4.209631,4.140594 1,-1,6,5.698818,5.746336,5.815206,5.865051,5.867361,5.820831,5.7491,5.701195 1,-1,6,8.399454,8.420204,8.481505,8.547055,8.578731,8.558365,8.502855,8.431685 1,-1,6,10.312498,10.362299,10.431161,10.478763,10.477606,10.428356,10.35713,10.311322
0,1,6,11.414216,11.474824,11.540816,11.573727,11.554572,11.494384,11.42813,11.394792 1,-1,6,8.644138,8.711428,8.769471,8.784685,8.748356,8.681352,8.626139,8.607215 1,-1,6,2.553081,2.61031,2.677821,2.716637,2.705407,2.650232,2.579996,2.541129 1,-1,6,4.233453,4.224016,4.266383,4.334806,4.388978,4.398061,4.357748,4.288905 1,-1,6,5.598975,5.643952,5.712672,5.764776,5.770435,5.726452,5.655082,5.604802 1,-1,6,8.431893,8.450305,8.51046,8.57671,8.610495,8.592427,8.53823,8.466256 1,-1,6,10.195765,10.24427,10.313153,10.36206,10.362733,10.314785,10.24343,10.196448
0,1,6,11.227659,11.287577,11.353961,11.388107,11.370318,11.310838,11.2442,11.209615 1,-1,6,8.399829,8.466806,8.525586,8.542161,8.50704,8.440382,8.38441,8.36411 1,-1,6,2.401713,2.454697,2.523237,2.567476,2.56305,2.512353,2.441032,2.396981 1,-1,6,4.394784,4.381338,4.42041,4.488247,4.544791,4.557754,4.520944,4.452515 1,-1,6,5.513667,5.555899,5.624289,5.678596,5.687699,5.646453,5.575639,5.523042 1,-1,6,8.474835,8.490905,8.549849,8.616715,8.65255,8.636781,8.58395,8.511267 1,-1,6,10.086606,10.13375,10.202604,10.25281,10.255351,10.208769,10.13733,10.089189
0,1,6,11.0461,11.105278,11.172038,11.207444,11.191073,11.132351,11.06535,11.02949 1,-1,6,8.159236,8.225851,8.285386,8.303393,8.269566,8.203306,8.146557,8.124809 1,-1,6,2.279962,2.32752,2.396398,2.44617,2.449332,2.404184,2.332572,2.283353 1,-1,6,4.570134,4.553015,4.588902,4.655983,4.714565,4.7311,4.697649,4.629803 1,-1,6,5.443576,5.482867,5.550732,5.607163,5.61978,5.581453,5.511402,5.456572 1,-1,6,8.52812,8.541855,8.599531,8.666925,8.704747,8.691269,8.639852,8.566555 1,-1,6,9.98527,10.030987,10.099759,10.151252,10.155699,10.110547,10.03908,9.989791
0,1,6,10.86979,10.928176,10.995291,11.031981,11.017083,10.959171,10.89183,10.854669 1,-1,6,7.922697,7.988894,8.0492,8.068714,8.036276,7.970472,7.912929,7.889658 1,-1,6,2.192767,2.233644,2.301896,2.357024,2.36838,2.329868,2.259014,2.204969 1,-1,6,4.757954,4.737484,4.770328,4.836527,4.896848,4.916655,4.886396,4.819259 1,-1,6,5.389297,5.425463,5.492597,5.551044,5.567219,5.53198,5.462907,5.405956 1,-1,6,8.591555,8.602971,8.659326,8.727165,8.766905,8.755704,8.705737,8.63192 1,-1,6,9.891998,9.936222,10.004855,10.057621,10.064006,10.020346,9.948908,9.89849
0,1,6,10.698987,10.756525,10.823975,10.861971,10.8486,10.791553,10.7239,10.685412 1,-1,6,7.690587,7.756304,7.817392,7.838492,7.807543,7.742261,7.683911,7.65904 1,-1,6,2.144347,2.17738,2.243819,2.303775,2.323623,2.292699,2.223826,2.165657 1,-1,6,4.956826,4.933313,4.963268,5.0285,5.090297,5.113089,5.085847,5.019506 1,-1,6,5.351311,5.384186,5.450378,5.510708,5.530454,5.498453,5.430576,5.371643 1,-1,6,8.664919,8.674037,8.729028,8.797228,8.838814,8.829866,8.781384,8.707136 1,-1,6,9.807019,9.849687,9.918121,9.972139,9.980492,9.938386,9.867036,9.815513
0,1,6,10.533961,10.590593,10.65835,10.697675,10.685884,10.62976,10.56182,10.521987 1,-1,6,7.463319,7.528484,7.590364,7.613132,7.58378,7.519095,7.459929,7.433376 1,-1,6,2.137341,2.161666,2.225022,2.288929,2.317159,2.294483,2.228824,2.167546 1,-1,6,5.165474,5.139201,5.166433,5.230643,5.293687,5.319197,5.294791,5.229304 1,-1,6,5.329965,5.35941,5.424447,5.486504,5.509803,5.481165,5.414698,5.353945 1,-1,6,8.747961,8.754812,8.808401,8.876882,8.920237,8.913513,8.866539,8.791951 1,-1,6,9.730551,9.771599,9.839773,9.895018,9.905363,9.864872,9.793673,9.741072
0,1,6,10.374985,10.43065,10.498686,10.539356,10.529202,10.474061,10.40587,10.364669 1,-1,6,7.241347,7.305878,7.368555,7.393076,7.36544,7.301435,7.24145,7.21313 1,-1,6,2.172148,2.187377,2.246492,2.313226,2.349303,2.335131,2.273744,2.21053 1,-1,6,5.382763,5.353991,5.378665,5.441825,5.505919,5.533901,5.512149,5.447552 1,-1,6,5.32546,5.351364,5.415037,5.478644,5.505445,5.48027,5.415419,5.353028 1,-1,6,8.840409,8.84503,8.897187,8.965872,9.010918,9.006382,8.960935,8.886091 1,-1,6,9.662795,9.702162,9.770011,9.826453,9.838812,9.799994,9.729011,9.675363
0,1,6,10.222343,10.276978,10.34526,10.387293,10.37883,10.324734,10.25632,10.213744 1,-1,6,7.025177,7.088983,7.152454,7.178815,7.153021,7.089791,7.028986,6.998816 1,-1,6,2.246826,2.253094,2.307104,2.375464,2.418518,2.412679,2.356304,2.292297 1,-1,6,5.607686,5.576651,5.598932,5.661031,5.726006,5.756235,5.736964,5.673272 1,-1,6,5.337839,5.360122,5.422234,5.487199,5.51742,5.495775,5.432731,5.368901 1,-1,6,8.941971,8.944405,8.995106,9.063922,9.110578,9.108188,9.064281,8.98926 1,-1,6,9.603938,9.641565,9.709022,9.766627,9.781013,9.743925,9.673225,9.618567
0,1,6,10.076324,10.129861,10.198353,10.241761,10.235043,10.182059,10.11346,10.069495 1,-1,6,6.815357,6.878334,6.942593,6.970882,6.947064,6.884716,6.823101,6.790994 1,-1,6,2.35759,2.355473,2.403899,2.472782,2.521752,2.523729,2.472736,2.408903 1,-1,6,5.839362,5.806278,5.826324,5.887368,5.953079,5.985352,5.968394,5.905608 1,-1,6,5.366985,5.385604,5.445974,5.512093,5.545623,5.527543,5.466476,5.401415 1,-1,6,9.052339,9.052635,9.101865,9.170742,9.218929,9.218638,9.176274,9.101153 1,-1,6,9.554141,9.589973,9.656972,9.715699,9.732123,9.696816,9.62647,9.570842
0,1,6,9.937218,9.989589,10.05825,10.103043,10.098123,10.046318,9.977576,9.932216 1,-1,6,6.612496,6.674526,6.739555,6.769861,6.748163,6.686815,6.624406,6.59028 1,-1,6,2.499647,2.489994,2.532732,2.601243,2.655039,2.664094,2.618527,2.555582 1,-1,6,6.077019,6.042076,6.060037,6.120042,6.186368,6.2205,6.205699,6.143809 1,-1,6,5.412627,5.427573,5.48604,5.553106,5.589806,5.575295,5.516355,5.450273 1,-1,6,9.171197,9.169407,9.217155,9.286029,9.335665,9.337423,9.296603,9.221452 1,-1,6,9.513549,9.547534,9.614006,9.673812,9.692276,9.658801,9.588877,9.532324
0,1,6,9.80532,9.856455,9.925241,9.971424,9.968355,9.917797,9.848961,9.802199 1,-1,6,6.41725,6.478203,6.543974,6.576384,6.556958,6.496744,6.433569,6.397341 1,-1,6,2.668002,2.651771,2.689002,2.756499,2.814113,2.829414,2.789075,2.727487 1,-1,6,6.319981,6.283351,6.299369,6.35836,6.425197,6.461023,6.44823,6.38722 1,-1,6,5.474352,5.485651,5.542078,5.609885,5.649596,5.638626,5.581933,5.515039 1,-1,6,9.298218,9.294398,9.340661,9.409471,9.460478,9.464231,9.424949,9.349832 1,-1,6,9.482279,9.514369,9.580246,9.641081,9.661585,9.629985,9.560554,9.503125
0,1,6,9.680925,9.730752,9.799612,9.847188,9.84602,9.796779,9.7279,9.679736 1,-1,6,6.230337,6.290067,6.35654,6.391138,6.374143,6.315209,6.251309,6.212902 1,-1,6,2.858013,2.836143,2.868229,2.934298,2.994868,3.015587,2.980134,2.920166 1,-1,6,6.56766,6.529496,6.543704,6.601708,6.66897,6.70634,6.695419,6.635267 1,-1,6,5.551624,5.559333,5.613611,5.681956,5.724503,5.717017,5.662665,5.595162 1,-1,6,9.433072,9.427283,9.472062,9.540753,9.593052,9.598742,9.560988,9.485965 1,-1,6,9.460424,9.490576,9.55579,9.617602,9.640136,9.610453,9.541583,9.483331
0,1,6,9.564325,9.61277,9.681653,9.730618,9.731398,9.683546,9.614678,9.565118 1,-1,6,6.052529,6.110872,6.177993,6.214858,6.20046,6.142968,6.078398,6.037743 1,-1,6,3.065655,3.039,3.066388,3.130802,3.193625,3.218999,3.188017,3.129785 1,-1,6,6.819542,6.779981,6.7925,6.849553,6.917164,6.955946,6.94677,6.887449 1,-1,6,5.643805,5.648009,5.700056,5.768747,5.813943,5.80986,5.757914,5.689994 1,-1,6,9.57543,9.567731,9.611033,9.679555,9.73307,9.740638,9.704397,9.629524 1,-1,6,9.448049,9.476226,9.540709,9.603441,9.627992,9.60026,9.532022,9.473002
0,1,6,9.455808,9.502798,9.571646,9.621993,9.624765,9.578374,9.509576,9.458629 1,-1,6,5.88465,5.941429,6.009127,6.048329,6.036697,5.980823,5.915656,5.872693 1,-1,6,3.287589,3.256891,3.280052,3.342714,3.407233,3.436588,3.40965,3.353169 1,-1,6,7.075179,7.034341,7.045286,7.101422,7.169321,7.209395,7.201846,7.143328 1,-1,6,5.750177,5.750984,5.800745,5.869605,5.917258,5.916473,5.866974,5.798812 1,-1,6,9.72496,9.715415,9.757251,9.825558,9.880215,9.889601,9.854855,9.78018 1,-1,6,9.445191,9.471361,9.535047,9.598641,9.625187,9.599436,9.531898,9.472167
0,1,6,9.355656,9.401116,9.469868,9.521584,9.52639,9.481531,9.412866,9.360547 1,-1,6,5.727574,5.782593,5.850778,5.892376,5.883681,5.829616,5.763943,5.718628 1,-1,6,3.521115,3.486999,3.506387,3.56729,3.633077,3.665833,3.642522,3.587748 1,-1,6,7.334179,7.292173,7.301649,7.356903,7.425037,7.466295,7.460265,7.402522 1,-1,6,5.86997,5.867507,5.914951,5.983819,6.033734,6.036129,5.989089,5.920845 1,-1,6,9.881339,9.870011,9.910397,9.978448,10.034175,10.045318,10.01204,9.937611 1,-1,6,9.451858,9.475996,9.538822,9.603214,9.63173,9.607984,9.541211,9.48083
0,1,6,9.264141,9.307996,9.376588,9.429654,9.43653,9.393275,9.324807,9.27114 1,-1,6,5.582213,5.635264,5.703824,5.747862,5.742273,5.69022,5.624153,5.576459 1,-1,6,3.764074,3.727061,3.743094,3.802286,3.869011,3.904679,3.884614,3.831465 1,-1,6,7.596195,7.553119,7.561222,7.615631,7.683956,7.726303,7.721692,7.664693 1,-1,6,6.002378,5.996787,6.041908,6.110638,6.162625,6.168066,6.123478,6.055295 1,-1,6,10.044246,10.031198,10.070152,10.137911,10.194639,10.207478,10.17565,10.1015 1,-1,6,9.468032,9.490116,9.552022,9.617148,9.647602,9.625879,9.559935,9.498964
0,1,6,9.18152,9.223698,9.292061,9.346454,9.355432,9.31385,9.245649,9.190659 1,-1,6,5.449505,5.500366,5.569166,5.615668,5.613351,5.563523,5.497195,5.447117 1,-1,6,4.014754,3.975274,3.988327,4.045887,4.113302,4.15147,4.134306,4.082684 1,-1,6,7.860927,7.816868,7.823687,7.877287,7.945765,7.989114,7.985832,7.929546 1,-1,6,6.146588,6.138019,6.180829,6.249298,6.30317,6.311515,6.269353,6.201353 1,-1,6,10.213367,10.198665,10.236209,10.303643,10.361306,10.375779,10.34537,10.271537 1,-1,6,9.493663,9.513681,9.574609,9.640402,9.672757,9.653069,9.588012,9.526516
0,1,6,9.108035,9.148466,9.216529,9.272217,9.283324,9.243483,9.175622,9.119342 1,-1,6,5.330395,5.378833,5.447716,5.496685,5.497791,5.450411,5.383977,5.331535 1,-1,6,4.271798,4.230203,4.240608,4.296628,4.364545,4.404871,4.390301,4.340103 1,-1,6,8.128111,8.083145,8.088763,8.141589,8.210188,8.254461,8.252422,8.196822 1,-1,6,6.30179,6.290397,6.330928,6.399026,6.454607,6.46571,6.425932,6.35822 1,-1,6,10.388401,10.372106,10.408265,10.475346,10.533882,10.549928,10.52091,10.447424 1,-1,6,9.528674,9.54662,9.606515,9.672909,9.707123,9.689475,9.625362,9.563404
0,1,6,9.04391,9.082524,9.150214,9.207162,9.220418,9.182384,9.114935,9.057405 1,-1,6,5.225812,5.27159,5.340376,5.391787,5.396454,5.351744,5.285382,5.230627 1,-1,6,4.534121,4.490706,4.498751,4.553332,4.621608,4.663805,4.651559,4.602682 1,-1,6,8.397511,8.35171,8.3562,8.408287,8.47698,8.522107,8.521235,8.466291 1,-1,6,6.467191,6.453132,6.491429,6.559067,6.616189,6.629901,6.592451,6.525117 1,-1,6,10.569053,10.551227,10.586027,10.652732,10.712081,10.729639,10.70198,10.628869 1,-1,6,9.572964,9.588835,9.647649,9.714576,9.750602,9.734994,9.671879,9.60952
0,1,6,8.989344,9.026077,9.093317,9.151483,9.166903,9.130737,9.063777,9.005041 1,-1,6,5.136644,5.179525,5.24801,5.30181,5.310152,5.268334,5.202242,5.145254 1,-1,6,4.800861,4.755866,4.761803,4.815045,4.883571,4.9274,4.917241,4.869587 1,-1,6,8.668922,8.622348,8.625781,8.677161,8.745925,8.791844,8.792066,8.73775 1,-1,6,6.64203,6.625462,6.661581,6.728684,6.787191,6.803366,6.768176,6.701294 1,-1,6,10.75504,10.735745,10.769215,10.835522,10.895627,10.91464,10.8883,10.815593 1,-1,6,9.626403,9.640207,9.697894,9.765286,9.803073,9.789499,9.727429,9.664733
0,1,6,8.944513,8.979303,9.046016,9.105354,9.122944,9.088704,9.022308,8.962419 1,-1,6,5.063706,5.103459,5.171423,5.227524,5.239629,5.200917,5.135307,5.076202 1,-1,6,5.071318,5.024946,5.028993,5.080992,5.149686,5.194945,5.186667,5.140142 1,-1,6,8.942159,8.89487,8.897309,8.948014,9.016829,9.063482,9.064734,9.011019 1,-1,6,6.825582,6.806656,6.840663,6.90717,6.96692,6.985412,6.952411,6.886039 1,-1,6,10.94609,10.925385,10.957554,11.023445,11.084254,11.104663,11.07962,11.007327 1,-1,6,9.688841,9.700588,9.757107,9.824899,9.864393,9.852842,9.79186,9.728888
0,1,6,8.909563,8.942354,9.008464,9.068919,9.088681,9.056419,8.990664,8.929678 1,-1,6,5.007706,5.044117,5.111322,5.169606,5.18553,5.150119,5.085217,5.024143 1,-1,6,5.34493,5.297349,5.299696,5.350542,5.419343,5.465862,5.459284,5.413802 1,-1,6,9.217061,9.169107,9.170611,9.220671,9.289522,9.336857,9.339078,9.285939 1,-1,6,7.017163,6.996026,7.027992,7.093858,7.154717,7.175386,7.144496,7.078681 1,-1,6,11.141943,11.119886,11.150785,11.216246,11.277708,11.299457,11.27567,11.203813 1,-1,6,9.760105,9.769812,9.825128,9.893253,9.934397,9.924851,9.864996,9.801808
0,1,6,8.884611,8.915353,8.98078,9.042295,9.064222,9.033987,8.968949,8.906926 1,-1,6,4.969217,5.002093,5.068295,5.12861,5.148371,5.116435,5.052474,4.989609 1,-1,6,5.621234,5.572587,5.573399,5.623177,5.692036,5.739672,5.734635,5.690117 1,-1,6,9.493483,9.444911,9.445534,9.494977,9.563849,9.61182,9.614954,9.562366 1,-1,6,7.216133,7.192927,7.222927,7.288116,7.349964,7.372676,7.343815,7.278592 1,-1,6,11.34235,11.318997,11.348656,11.413676,11.475744,11.498779,11.47622,11.404807 1,-1,6,9.840003,9.847692,9.901775,9.970169,10.012904,10.005342,9.946647,9.883301
0,1,6,8.869742,8.89839,8.963059,9.025571,9.049648,9.02148,8.957234,8.894241 1,-1,6,4.948649,4.977826,5.042779,5.104945,5.128521,5.100205,5.037415,4.972965 1,-1,6,5.899854,5.85026,5.849682,5.898469,5.967351,6.01598,6.012345,5.96872 1,-1,6,9.771295,9.722148,9.72194,9.770793,9.839676,9.888239,9.892236,9.840174 1,-1,6,7.421898,7.396757,7.424869,7.489356,7.552084,7.57671,7.549797,7.485192 1,-1,6,11.547073,11.522478,11.550931,11.615499,11.678129,11.702397,11.68103,11.610073 1,-1,6,9.928326,9.934026,9.986849,10.055451,10.099716,10.09411,10.0366,9.973155
0,1,6,8.865006,8.891522,8.955357,9.018799,9.045006,9.018941,8.955561,8.891665 1,-1,6,4.946223,4.971576,5.03504,5.098851,5.12618,5.101596,5.040199,4.974392 1,-1,6,6.180477,6.130038,6.128197,6.176064,6.244942,6.294459,6.292103,6.249306 1,-1,6,10.050385,10.0007,9.999707,10.047997,10.116879,10.165996,10.17081,10.119251 1,-1,6,7.633911,7.60696,7.633262,7.697031,7.760541,7.786959,7.761909,7.697941 1,-1,6,11.755889,11.730104,11.757382,11.821491,11.884642,11.910093,11.88988,11.819391 1,-1,6,10.024852,10.028594,10.080137,10.148888,10.194619,10.190939,10.13465,10.071148
0,1,6,8.870419,8.894773,8.957702,9.022004,9.050311,9.026377,8.963931,8.899207 1,-1,6,4.961968,4.983411,5.045159,5.110391,5.141374,5.120593,5.060797,4.993872 1,-1,6,6.46284,6.411645,6.40865,6.455663,6.524515,6.574831,6.573646,6.531616 1,-1,6,10.330646,10.280458,10.278723,10.326474,10.395347,10.444982,10.45056,10.399491 1,-1,6,7.851662,7.823022,7.847592,7.910633,7.974835,8.002932,7.979664,7.916343 1,-1,6,11.968581,11.941656,11.967791,12.031436,12.09507,12.121654,12.10257,12.032547 1,-1,6,10.129347,10.131165,10.181413,10.250256,10.297391,10.295602,10.24054,10.177043
0,1,6,8.885963,8.908131,8.970085,9.035175,9.065546,9.043764,8.98232,8.916843 1,-1,6,4.995712,5.013203,5.07303,5.139447,5.173948,5.157001,5.098992,5.031198 1,-1,6,6.746725,6.69485,6.6908,6.737018,6.805829,6.856865,6.856754,6.815438 1,-1,6,10.611986,10.561328,10.558889,10.606125,10.674982,10.725104,10.73141,10.680806 1,-1,6,8.074689,8.044469,8.067385,8.129694,8.19451,8.224178,8.202613,8.139943 1,-1,6,12.184947,12.156931,12.181955,12.245133,12.309213,12.336883,12.31889,12.249342 1,-1,6,10.241566,10.2415,10.290441,10.359322,10.407799,10.407863,10.35405,10.290597
0,1,6,8.911584,8.931552,8.992465,9.058267,9.090662,9.071045,9.010664,8.944511 1,-1,6,5.047092,5.060635,5.118363,5.185724,5.223575,5.210455,5.154394,5.085974 1,-1,6,7.031949,6.979458,6.974439,7.019916,7.088674,7.140363,7.141242,7.10059 1,-1,6,10.894322,10.843222,10.840117,10.886859,10.955695,11.006272,11.01327,10.963111 1,-1,6,8.302566,8.270871,8.292207,8.353786,8.419145,8.450284,8.430341,8.368324 1,-1,6,12.404795,12.375734,12.399679,12.462387,12.52688,12.555591,12.53865,12.469586 1,-1,6,10.361258,10.359351,10.406977,10.475847,10.525601,10.527479,10.47492,10.41156
0,1,6,8.947197,8.964956,9.024768,9.091206,9.125576,9.108131,9.048871,8.982119 1,-1,6,5.115578,5.125217,5.180699,5.248767,5.289777,5.280439,5.226456,5.157647 1,-1,6,7.318354,7.265305,7.259394,7.30418,7.372877,7.425158,7.42695,7.386919 1,-1,6,11.177578,11.126063,11.122327,11.168595,11.237404,11.288411,11.29607,11.246332 1,-1,6,8.534905,8.501831,8.521661,8.582515,8.648353,8.680869,8.662474,8.601107 1,-1,6,12.627943,12.597881,12.620778,12.683017,12.747892,12.7776,12.76169,12.693099 1,-1,6,10.488169,10.484463,10.530773,10.599585,10.650553,10.654201,10.6029,10.539676
0,1,6,8.992683,9.008233,9.066887,9.133884,9.170177,9.154902,9.096817,9.029543 1,-1,6,5.200495,5.20631,5.259434,5.327981,5.37194,5.366304,5.314499,5.245523 1,-1,6,7.605808,7.552249,7.545516,7.589655,7.658284,7.711106,7.713744,7.674292 1,-1,6,11.461686,11.409781,11.405444,11.451259,11.520037,11.571448,11.57973,11.530402 1,-1,6,8.771352,8.736987,8.755382,8.81552,8.88178,8.915586,8.898666,8.837943 1,-1,6,12.854219,12.823199,12.845078,12.906849,12.972075,13.00274,12.98782,12.919711 1,-1,6,10.622038,10.616581,10.661575,10.730285,10.782406,10.787779,10.73775,10.674687
0,1,6,9.047892,9.06124,9.118687,9.186167,9.224324,9.211211,9.154347,9.086629 1,-1,6,5.301052,5.303158,5.353844,5.422656,5.469346,5.467304,5.417745,5.348803 1,-1,6,7.894195,7.840172,7.832676,7.87621,7.944767,7.998084,8.001507,7.962597 1,-1,6,11.746585,11.694312,11.689404,11.734784,11.803527,11.855319,11.8642,11.81526 1,-1,6,9.011582,8.976011,8.993037,9.05247,9.119102,9.154117,9.138603,9.078514 1,-1,6,13.083461,13.051523,13.072415,13.133718,13.199271,13.230852,13.21689,13.149264 1,-1,6,10.762606,10.755445,10.799129,10.867697,10.920911,10.927963,10.87919,10.816337
0,1,6,9.112648,9.123809,9.180002,9.24789,9.287849,9.276885,9.221284,9.153197 1,-1,6,5.416378,5.414915,5.463117,5.531999,5.581196,5.582615,5.535342,5.466615 1,-1,6,8.183416,8.128966,8.120764,8.16373,8.232211,8.285983,8.290136,8.251734 1,-1,6,12.032217,11.979596,11.974145,12.019108,12.087814,12.139965,12.14941,12.100848 1,-1,6,9.255301,9.218599,9.234322,9.293063,9.360021,9.396171,9.381997,9.322531 1,-1,6,13.315515,13.282698,13.302632,13.363471,13.429323,13.461783,13.44876,13.381603 1,-1,6,10.909614,10.900799,10.94318,11.011569,11.065816,11.0745,11.02699,10.964366
0,1,6,9.186749,9.195744,9.250646,9.318868,9.360564,9.351726,9.297423,9.229041 1,-1,6,5.545552,5.540679,5.586381,5.65516,5.706641,5.711373,5.666399,5.598042 1,-1,6,8.473388,8.418546,8.409685,8.452119,8.520523,8.574713,8.579546,8.541622 1,-1,6,12.318532,12.265583,12.259614,12.304177,12.372843,12.425335,12.43532,12.387119 1,-1,6,9.502242,9.46448,9.478961,9.537024,9.60427,9.641484,9.628586,9.569732 1,-1,6,13.550237,13.516578,13.535584,13.595962,13.662091,13.695393,13.68327,13.616589 1,-1,6,11.062806,11.052386,11.093475,11.161651,11.216875,11.227143,11.18088,11.118521
0,1,6,9.26997,9.276828,9.330405,9.398889,9.442254,9.435517,9.382542,9.313935 1,-1,6,5.687632,5.679519,5.722731,5.791256,5.844806,5.852689,5.810002,5.742147 1,-1,6,8.764035,8.708831,8.699357,8.741289,8.809615,8.864191,8.86966,8.832185 1,-1,6,12.605485,12.552225,12.545762,12.58994,12.658564,12.711378,12.72187,12.674025 1,-1,6,9.752159,9.713403,9.726701,9.784102,9.851599,9.889813,9.878131,9.819876 1,-1,6,13.787492,13.753025,13.77113,13.831052,13.897436,13.931546,13.9203,13.854085 1,-1,6,11.221929,11.209953,11.249764,11.317698,11.373842,11.385645,11.34062,11.27855
0,1,6,9.36207,9.366822,9.419047,9.487725,9.532689,9.52802,9.476397,9.407634 1,-1,6,5.841674,5.830503,5.871257,5.9394,5.994811,6.005677,5.965248,5.898003 1,-1,6,9.055292,8.999753,8.989706,9.031165,9.099413,9.154347,9.160411,9.123359 1,-1,6,12.893031,12.839477,12.832543,12.876351,12.944931,12.998051,13.00904,12.961523 1,-1,6,10.004829,9.965141,9.97731,10.034065,10.101783,10.140937,10.13041,10.072743 1,-1,6,14.02715,13.991909,14.009141,14.068611,14.13523,14.170115,14.15972,14.093965 1,-1,6,11.386733,11.373253,11.4118,11.479464,11.536476,11.549766,11.50597,11.444207
0,1,6,9.462788,9.465472,9.516326,9.585132,9.631623,9.628985,9.578732,9.509877 1,-1,6,6.006759,5.99271,6.031058,6.098712,6.155791,6.169468,6.131251,6.064704 1,-1,6,9.347102,9.291252,9.280669,9.321683,9.389852,9.445118,9.451739,9.415087 1,-1,6,13.181132,13.1273,13.119914,13.163367,13.231903,13.285312,13.29677,13.249576 1,-1,6,10.260049,10.219484,10.230577,10.286704,10.354613,10.394652,10.38523,10.328133 1,-1,6,14.26909,14.233107,14.249493,14.308516,14.375352,14.41098,14.4014,14.33611 1,-1,6,11.556976,11.54204,11.579343,11.646713,11.704541,11.71927,11.67669,11.615251
0,1,6,9.571853,9.572512,9.621978,9.69085,9.738797,9.738149,9.689278,9.620393 1,-1,6,6.182003,6.165258,6.201263,6.268342,6.326908,6.343227,6.307163,6.24138 1,-1,6,9.639415,9.583277,9.57219,9.612783,9.680874,9.73645,9.743595,9.70732 1,-1,6,13.469754,13.415656,13.40784,13.45095,13.51944,13.573124,13.58503,13.538149 1,-1,6,10.517634,10.476243,10.486311,10.541827,10.609902,10.650773,10.64241,10.585865 1,-1,6,14.513199,14.476504,14.492069,14.550652,14.617686,14.654028,14.64525,14.580406 1,-1,6,11.732421,11.716079,11.752157,11.819211,11.877807,11.893926,11.85254,11.791448
0,1,6,9.688982,9.687663,9.735731,9.804611,9.853942,9.855238,9.807757,9.738898 1,-1,6,6.366566,6.3473,6.38104,6.447475,6.507363,6.526156,6.492177,6.427208 1,-1,6,9.932186,9.875779,9.86422,9.904414,9.972428,10.028292,10.03593,10.000012 1,-1,6,13.758861,13.704512,13.696283,13.739064,13.807508,13.861453,13.87379,13.827207 1,-1,6,10.777413,10.735245,10.744334,10.799256,10.867476,10.909132,10.90177,10.84577 1,-1,6,14.759368,14.72199,14.736759,14.794907,14.862125,14.899152,14.89114,14.826747 1,-1,6,11.912838,11.895139,11.930013,11.996731,12.056048,12.073511,12.0333,11.97257
0,1,6,9.813887,9.810639,9.857305,9.926138,9.976782,9.979976,9.933887,9.865107 1,-1,6,6.559662,6.538045,6.569602,6.635341,6.6964,6.717507,6.685538,6.621419 1,-1,6,10.225377,10.168718,10.156714,10.19653,10.264469,10.320602,10.32871,10.293126 1,-1,6,14.048426,13.993837,13.985212,14.027676,14.096073,14.150268,14.16301,14.116722 1,-1,6,11.039231,10.996332,11.004487,11.058831,11.127175,11.169572,11.16318,11.107696 1,-1,6,15.007497,14.969462,14.983459,15.04118,15.108566,15.146251,15.13899,15.075033 1,-1,6,12.098004,12.078996,12.112688,12.179055,12.239048,12.257808,12.21875,12.158397
0,1,6,9.946274,9.941149,9.986414,10.05515,10.107036,10.112077,10.06738,9.998726 1,-1,6,6.76056,6.736754,6.766216,6.83122,6.893314,6.916581,6.886543,6.823297 1,-1,6,10.518951,10.462058,10.449633,10.489092,10.556957,10.613341,10.62188,10.586625 1,-1,6,14.338419,14.283602,14.274599,14.316756,14.385106,14.439538,14.45268,14.406666 1,-1,6,11.302948,11.259357,11.26662,11.320405,11.388856,11.431952,11.42647,11.371504 1,-1,6,15.257489,15.218824,15.232073,15.289373,15.356912,15.39523,15.38869,15.325169 1,-1,6,12.287706,12.267435,12.299968,12.36597,12.426597,12.446608,12.40869,12.348717
0,1,6,10.08585,10.078902,10.12277,10.191362,10.244422,10.251258,10.20794,10.139463 1,-1,6,6.968585,6.942743,6.970199,7.034443,7.097449,7.12273,7.094543,7.032181 1,-1,6,10.812878,10.755765,10.742944,10.782062,10.849854,10.906475,10.91543,10.880478 1,-1,6,14.628817,14.573781,14.564415,14.606277,14.674579,14.729238,14.74276,14.697014 1,-1,6,11.568433,11.52419,11.5306,11.583842,11.652383,11.696141,11.69154,11.637065 1,-1,6,15.509254,15.469985,15.482508,15.539393,15.607074,15.645999,15.64016,15.577066 1,-1,6,12.481735,12.460248,12.491646,12.55727,12.618491,12.639709,12.6029,12.543325
0,1,6,10.23232,10.223604,10.266084,10.334489,10.388656,10.397234,10.35529,10.287025 1,-1,6,7.183118,7.155382,7.180925,7.244391,7.3082,7.335357,7.308939,7.247465 1,-1,6,11.10713,11.04981,11.036614,11.075409,11.14313,11.199973,11.20932,11.174659 1,-1,6,14.919594,14.864351,14.854635,14.896213,14.964467,15.019342,15.03322,14.987742 1,-1,6,11.835567,11.790707,11.796302,11.849017,11.917636,11.96202,11.95826,11.904263 1,-1,6,15.762708,15.722858,15.734677,15.791154,15.858965,15.898474,15.89331,15.83064 1,-1,6,12.679894,12.657236,12.687522,12.752758,12.814535,12.836916,12.8012,12.742025
0,1,0,10.09698,10.087034,10.128533,10.196783,10.251697,10.261486,10.220527,10.152437 1,-1,0,7.105546,7.077434,7.101041,7.163681,7.228228,7.257237,7.23414,7.172116 1,-1,0,11.15376,11.099246,11.08469,11.122329,11.189783,11.247392,11.261738,11.224566 1,-1,0,14.96175,14.90156,14.890812,14.931553,14.999659,15.055154,15.065785,15.025408 1,-1,0,11.82549,11.777799,11.782064,11.833914,11.902636,11.948018,11.943812,11.892441 1,-1,0,15.73568,15.688513,15.699356,15.755262,15.823238,15.863547,15.852816,15.797255 1,-1,0,12.57944,12.561496,12.590763,12.65563,12.717894,12.741328,12.712408,12.647833
0,1,0,9.841042,9.830028,9.870673,9.938773,9.994312,10.005145,9.965048,9.897129 1,-1,0,6.909194,6.87919,6.900709,6.962409,7.02768,7.058634,7.037598,6.976563 1,-1,0,11.10602,11.05045,11.034099,11.070186,11.137246,11.195831,11.211947,11.176317 1,-1,0,14.89598,14.834948,14.822863,14.862506,14.930398,14.986677,14.998629,14.959347 1,-1,0,11.6989,11.649967,11.652641,11.703433,11.772244,11.818797,11.81616,11.765855 1,-1,0,15.58222,15.534176,15.543898,15.599138,15.667287,15.708499,15.698878,15.643991 1,-1,0,12.36098,12.341976,12.370219,12.4347,12.497432,12.521911,12.494011,12.429837
0,1,0,9.587653,9.575522,9.615258,9.683182,9.739368,9.751294,9.712115,9.644394 1,-1,0,6.720502,6.68853,6.707815,6.768453,6.834419,6.867396,6.848561,6.788638 1,-1,0,11.06622,11.009616,10.991467,11.025962,11.092576,11.152105,11.169993,11.135944 1,-1,0,14.83599,14.774128,14.760701,14.79922,14.866869,14.923917,14.937198,14.899035 1,-1,0,11.57871,11.528526,11.529572,11.579256,11.648122,11.695844,11.694813,11.645622 1,-1,0,15.43307,15.384141,15.392718,15.447262,15.515569,15.557691,15.549205,15.49502 1,-1,0,12.146,12.125904,12.153078,12.217143,12.280343,12.305896,12.27906,12.21532
0,1,0,9.337028,9.323723,9.362488,9.430209,9.487059,9.500134,9.461933,9.394441 1,-1,0,6.540133,6.506122,6.523019,6.582459,6.649081,6.684156,6.667667,6.608993 1,-1,0,11.03443,10.976831,10.956886,10.989752,11.055869,11.116306,11.135966,11.103533 1,-1,0,14.78184,14.719173,14.704397,14.741768,14.809145,14.866947,14.881562,14.844543 1,-1,0,11.46511,11.41368,11.413064,11.461587,11.53047,11.57936,11.579967,11.531943 1,-1,0,15.28836,15.238536,15.245943,15.299762,15.36821,15.411248,15.403921,15.350466 1,-1,0,11.93469,11.913469,11.939527,12.003142,12.066806,12.093465,12.067739,12.004467
0,1,0,9.089395,9.074855,9.112584,9.180068,9.237601,9.251884,9.214726,9.147497 1,-1,0,6.368793,6.332678,6.347029,6.405122,6.472348,6.50959,6.495597,6.438321 1,-1,0,11.01072,10.952169,10.930432,10.961636,11.027205,11.088511,11.109939,11.079152 1,-1,0,14.7336,14.670148,14.654019,14.690219,14.757296,14.815834,14.831786,14.795933 1,-1,0,11.3583,11.30563,11.30332,11.35063,11.419489,11.469542,11.471819,11.425012 1,-1,0,15.1482,15.097489,15.103701,15.156766,15.225336,15.269295,15.263151,15.210457 1,-1,0,11.72725,11.704867,11.729762,11.792889,11.857016,11.88481,11.860241,11.797475
0,1,0,8.845003,8.829166,8.865787,8.932999,8.991234,9.006785,8.97074,8.903813 1,-1,0,6.20723,6.168954,6.180597,6.237179,6.304941,6.344413,6.333071,6.277353 1,-1,0,10.99516,10.935684,10.912165,10.941677,11.006645,11.06878,11.091968,11.062857 1,-1,0,14.69134,14.627112,14.60963,14.644636,14.711383,14.770638,14.78793,14.753264 1,-1,0,11.25847,11.204573,11.200537,11.246582,11.315376,11.366583,11.37056,11.32502 1,-1,0,15.01273,14.961128,14.966121,15.018401,15.087076,15.131959,15.127021,15.075118 1,-1,0,11.52389,11.500309,11.523989,11.586589,11.651172,11.680134,11.656771,11.59455
0,1,0,8.604132,8.58693,8.622365,8.689263,8.748216,8.765101,8.730245,8.663664 1,-1,0,6.056227,6.015744,6.024515,6.079409,6.147624,6.189377,6.18084,6.126854 1,-1,0,10.98776,10.927414,10.902126,10.929918,10.994237,11.057157,11.082091,11.054682 1,-1,0,14.65509,14.59012,14.571283,14.605073,14.671461,14.731414,14.750047,14.716589 1,-1,0,11.16582,11.1107,11.104911,11.149638,11.218322,11.270671,11.276375,11.232153 1,-1,0,14.88208,14.829583,14.833333,14.884797,14.953557,14.999367,14.995658,14.944577 1,-1,0,11.32482,11.300013,11.322425,11.384457,11.44949,11.479649,11.457544,11.395911
0,1,0,8.367084,8.348446,8.382612,8.449148,8.508835,8.527122,8.493538,8.427352 1,-1,0,5.916593,5.873871,5.879607,5.932625,6.00119,6.045263,6.039684,5.987615 1,-1,0,10.98855,10.927376,10.900337,10.926386,10.990007,11.053666,11.080331,11.054645 1,-1,0,14.62491,14.559216,14.539026,14.571581,14.637581,14.69821,14.718182,14.685952 1,-1,0,11.08051,11.024193,11.016626,11.059984,11.12851,11.181988,11.189443,11.146589 1,-1,0,14.75637,14.702983,14.705467,14.756083,14.824907,14.871645,14.869189,14.818959 1,-1,0,11.13028,11.10421,11.125301,11.186718,11.252192,11.283579,11.262785,11.201784
0,1,0,8.134192,8.114045,8.146851,8.212972,8.273408,8.293168,8.260943,8.195209 1,-1,0,5.78915,5.744175,5.746719,5.797659,5.866454,5.912869,5.910396,5.860436 1,-1,0,10.99753,10.935572,10.906803,10.93109,10.993964,11.058316,11.086692,11.062746 1,-1,0,14.60083,14.534441,14.512901,14.544202,14.609784,14.671067,14.692375,14.66139 1,-1,0,11.00272,10.945228,10.93586,10.977798,11.046119,11.100706,11.109934,11.068497 1,-1,0,14.63573,14.581457,14.582653,14.632389,14.701254,14.74892,14.747738,14.698392 1,-1,0,10.9405,10.913142,10.932855,10.993611,11.059513,11.092158,11.072729,11.012409
0,1,0,7.905826,7.884093,7.915439,7.981086,8.042281,8.063588,8.032819,7.967599 1,-1,0,5.67472,5.627497,5.626703,5.675356,5.744239,5.792999,5.793771,5.74612 1,-1,0,11.01468,10.951983,10.921508,10.944019,11.0061,11.071096,11.10116,11.078968 1,-1,0,14.58288,14.515824,14.492939,14.522969,14.588104,14.650018,14.672658,14.642935 1,-1,0,10.93262,10.873969,10.862782,10.90325,10.971314,11.026989,11.038009,10.998037 1,-1,0,14.52028,14.465133,14.465019,14.513842,14.582725,14.631318,14.631431,14.583001 1,-1,0,10.75575,10.727061,10.745339,10.805383,10.871698,10.905631,10.887622,10.828035
0,1,0,7.682387,7.658988,7.68877,7.753873,7.815835,7.838767,7.809557,7.744922 1,-1,0,5.574103,5.524664,5.520397,5.56655,5.63536,5.686445,5.690587,5.645448 1,-1,0,11.03996,10.976571,10.944421,10.965143,11.026389,11.091978,11.123702,11.103275 1,-1,0,14.57109,14.50339,14.479167,14.507909,14.57257,14.635089,14.659055,14.630609 1,-1,0,10.87034,10.810568,10.797548,10.836498,10.904253,10.96099,10.973816,10.935355 1,-1,0,14.41016,14.354138,14.352692,14.400571,14.469446,14.518962,14.520392,14.472909 1,-1,0,10.57628,10.546233,10.563016,10.622293,10.689005,10.724253,10.707722,10.648921
0,1,0,7.46432,7.439172,7.467274,7.531757,7.59449,7.619126,7.591586,7.527616 1,-1,0,5.488061,5.43646,5.428608,5.472047,5.540603,5.593967,5.601588,5.55916 1,-1,0,11.0733,11.009282,10.975488,10.994416,11.054784,11.120917,11.15427,11.135614 1,-1,0,14.56547,14.497156,14.471603,14.499043,14.5632,14.6263,14.651583,14.624429 1,-1,0,10.81603,10.755165,10.7403,10.777685,10.845079,10.902849,10.917492,10.880587 1,-1,0,14.30548,14.248595,14.245798,14.292699,14.361541,14.411977,14.414741,14.368239 1,-1,0,10.40236,10.370931,10.38616,10.444613,10.511699,10.54829,10.533296,10.475338
0,1,0,7.252108,7.225128,7.251426,7.315202,7.378705,7.405126,7.379375,7.316159 1,-1,0,5.417287,5.363607,5.352082,5.392598,5.460703,5.516275,5.527457,5.487937 1,-1,0,11.11465,11.050044,11.014642,11.031772,11.091224,11.15785,11.192799,11.175916 1,-1,0,14.56603,14.497127,14.470255,14.496381,14.560006,14.623661,14.650252,14.624401 1,-1,0,10.76981,10.707883,10.691166,10.726944,10.793921,10.852692,10.86916,10.833853 1,-1,0,14.20637,14.148627,14.144461,14.190351,14.259133,14.310482,14.3146,14.269109 1,-1,0,10.23429,10.201441,10.215053,10.272621,10.340059,10.378017,10.364619,10.307564
0,1,0,7.04628,7.017382,7.041746,7.104716,7.16898,7.197271,7.173436,7.111074 1,-1,0,5.362387,5.306738,5.291482,5.328877,5.396321,5.453999,5.468801,5.432369 1,-1,0,11.16391,11.098768,11.061797,11.07713,11.135629,11.202697,11.239206,11.224093 1,-1,0,14.57276,14.503306,14.475126,14.499927,14.562994,14.627176,14.655063,14.630526 1,-1,0,10.73178,10.66883,10.65026,10.684387,10.750895,10.810631,10.828926,10.795256 1,-1,0,14.11294,14.054352,14.0488,14.093647,14.16234,14.214595,14.220083,14.175636 1,-1,0,10.07235,10.038057,10.049991,10.10661,10.174371,10.213719,10.201976,10.145889
0,1,0,6.847414,6.816512,6.8388,6.900856,6.965865,6.996108,6.974323,6.912926 1,-1,0,5.32385,5.266369,5.247359,5.281453,5.348017,5.407672,5.42612,5.392941 1,-1,0,11.22098,11.15535,11.116849,11.130392,11.187906,11.255365,11.293394,11.280047 1,-1,0,14.58567,14.515684,14.48621,14.509676,14.572158,14.63684,14.666011,14.642796 1,-1,0,10.70202,10.638097,10.617676,10.650115,10.716097,10.77676,10.796881,10.764884 1,-1,0,14.02531,13.965887,13.958932,14.002703,14.071278,14.12443,14.131305,14.087932 1,-1,0,9.916843,9.881081,9.891275,9.946878,10.01493,10.055689,10.045662,9.990608
0,1,0,6.65613,6.623143,6.643206,6.704225,6.769954,6.802231,6.782638,6.722331 1,-1,0,5.302034,5.242884,5.220132,5.250768,5.316228,5.377707,5.399795,5.370009 1,-1,0,11.28573,11.219671,11.179684,11.191445,11.247944,11.315744,11.355252,11.343661 1,-1,0,14.60472,14.534244,14.503492,14.525616,14.587487,14.652642,14.683082,14.661195 1,-1,0,10.68061,10.615757,10.59349,10.624207,10.689609,10.751157,10.773098,10.742808 1,-1,0,13.94358,13.883342,13.874969,13.917633,13.98606,14.040098,14.048373,14.006107 1,-1,0,9.768076,9.730825,9.739215,9.793733,9.862039,9.904226,9.895975,9.842024
0,1,0,6.473104,6.437949,6.45563,6.515476,6.581889,6.616279,6.599028,6.539947 1,-1,0,5.297146,5.236508,5.210065,5.237116,5.301253,5.364378,5.390063,5.363785 1,-1,0,11.35804,11.2916,11.250171,11.260163,11.31562,11.383712,11.424656,11.414808 1,-1,0,14.62991,14.558964,14.52695,14.547726,14.608963,14.674561,14.706253,14.685702 1,-1,0,10.6676,10.601862,10.577761,10.606723,10.671492,10.733881,10.757632,10.729077 1,-1,0,13.86786,13.806823,13.79702,13.838545,13.906792,13.961703,13.971391,13.930262 1,-1,0,9.626362,9.587602,9.594128,9.647487,9.716007,9.759636,9.75322,9.700443
0,1,0,6.299053,6.261659,6.276796,6.335317,6.402364,6.438941,6.424186,6.366482 1,-1,0,5.309232,5.247304,5.217258,5.240629,5.303233,5.367808,5.397016,5.374325 1,-1,0,11.43777,11.37099,11.328166,11.336405,11.390797,11.459132,11.501468,11.493347 1,-1,0,14.66119,14.589813,14.556555,14.575979,14.636557,14.702569,14.735498,14.716284 1,-1,0,10.66301,10.596446,10.570527,10.597707,10.661789,10.724971,10.750518,10.723725 1,-1,0,13.79825,13.736431,13.725187,13.765542,13.833577,13.889347,13.900459,13.860497 1,-1,0,9.492017,9.451735,9.456336,9.50846,9.57715,9.62223,9.617708,9.566179
0,1,0,6.134743,6.095044,6.107468,6.1645,6.232116,6.270947,6.258847,6.202683 1,-1,0,5.338177,5.275167,5.241639,5.261275,5.32215,5.387967,5.420589,5.401533 1,-1,0,11.52476,11.457687,11.413516,11.420022,11.473328,11.54186,11.585541,11.579128 1,-1,0,14.69853,14.62675,14.592268,14.610338,14.670235,14.736633,14.770778,14.752905 1,-1,0,10.66687,10.599521,10.571804,10.59718,10.660523,10.72445,10.751774,10.726764 1,-1,0,13.73484,13.672261,13.659567,13.698721,13.766512,13.823125,13.83567,13.796904 1,-1,0,9.365357,9.323545,9.326162,9.376973,9.445782,9.492319,9.489747,9.439543
0,1,0,5.980976,5.938918,5.948459,6.003822,6.071925,6.113067,6.103783,6.049335 1,-1,0,5.383708,5.319828,5.282971,5.298852,5.357825,5.424666,5.460567,5.445158 1,-1,0,11.61884,11.551527,11.506057,11.510852,11.563056,11.631738,11.676719,11.671992 1,-1,0,14.74188,14.669731,14.634046,14.650761,14.709955,14.776711,14.812052,14.795519 1,-1,0,10.67915,10.611081,10.58159,10.605142,10.667696,10.732318,10.761396,10.738187 1,-1,0,13.67772,13.614401,13.600248,13.638173,13.705687,13.763125,13.77711,13.739569 1,-1,0,9.246699,9.203351,9.203929,9.253348,9.322221,9.370215,9.369648,9.320845
0,1,0,5.838584,5.794128,5.800618,5.854117,5.922606,5.966105,5.959796,5.907253 1,-1,0,5.445412,5.38087,5.34086,5.353004,5.409925,5.477574,5.516592,5.50481 1,-1,0,11.71985,11.652338,11.605618,11.608727,11.659814,11.728605,11.774836,11.771771 1,-1,0,14.79119,14.718702,14.681836,14.697197,14.75567,14.822753,14.85927,14.844076 1,-1,0,10.69984,10.631097,10.599861,10.621575,10.683293,10.748556,10.779362,10.757966 1,-1,0,13.62696,13.562931,13.547315,13.583983,13.651185,13.709428,13.724859,13.688569 1,-1,0,9.136354,9.091471,9.089956,9.137902,9.20678,9.256228,9.257716,9.210393
0,1,0,5.708421,5.661547,5.664818,5.71625,5.785004,5.830885,5.827707,5.777268 1,-1,0,5.522744,5.457742,5.414775,5.423234,5.477982,5.546227,5.588183,5.579974 1,-1,0,11.82761,11.759939,11.712018,11.713469,11.763429,11.832286,11.879721,11.87829 1,-1,0,14.8464,14.773604,14.735579,14.749591,14.807322,14.874704,14.912374,14.898516 1,-1,0,10.72888,10.659522,10.626573,10.646439,10.707275,10.773128,10.80563,10.786057 1,-1,0,13.58264,13.517924,13.500843,13.536226,13.603083,13.662109,13.67899,13.643977 1,-1,0,9.034629,8.988216,8.984559,9.030951,9.099769,9.150659,9.15425,9.108486
0,1,0,5.591339,5.542048,5.541946,5.591094,5.659971,5.708243,5.708342,5.660213 1,-1,0,5.615059,5.549787,5.50407,5.508928,5.561411,5.630049,5.674751,5.670035 1,-1,0,11.94193,11.874146,11.825074,11.824897,11.873722,11.942604,11.991196,11.99137 1,-1,0,14.90744,14.834371,14.795212,14.807878,14.864851,14.932503,14.971303,14.958775 1,-1,0,10.7662,10.696289,10.661663,10.679676,10.739588,10.805975,10.840141,10.822394 1,-1,0,13.54483,13.479446,13.460897,13.49497,13.561448,13.621235,13.639566,13.605855 1,-1,0,8.941814,8.893887,8.888043,8.932799,9.001489,9.053805,9.059542,9.015415
0,1,0,5.488175,5.436495,5.432879,5.47952,5.548357,5.599005,5.602515,5.556905 1,-1,0,5.721632,5.656263,5.608012,5.609376,5.659531,5.728374,5.775621,5.774295 1,-1,0,12.06264,11.994771,11.944596,11.942822,11.990508,12.059379,12.109078,12.110828 1,-1,0,14.97425,14.900931,14.860663,14.871989,14.928188,14.996081,15.035987,15.024784 1,-1,0,10.81172,10.741312,10.705048,10.721208,10.780155,10.847023,10.882814,10.866894 1,-1,0,13.51357,13.447552,13.427537,13.460276,13.52634,13.586864,13.606644,13.574258 1,-1,0,8.858192,8.808769,8.800699,8.843739,8.912228,8.965947,8.973868,8.931455
0,1,0,5.399729,5.345715,5.338461,5.382375,5.450988,5.503969,5.511005,5.468124 1,-1,0,5.841683,5.776374,5.725801,5.723803,5.771594,5.84047,5.890059,5.892001 1,-1,0,12.18953,12.121622,12.070392,12.067055,12.113599,12.182423,12.233183,12.236475 1,-1,0,15.04674,14.973207,14.931855,14.94185,14.99726,15.065367,15.106353,15.096467 1,-1,0,10.86533,10.794488,10.756628,10.770939,10.828885,10.89618,10.933556,10.919459 1,-1,0,13.4889,13.422289,13.400812,13.432195,13.49781,13.559045,13.580271,13.549231 1,-1,0,8.784026,8.733132,8.722804,8.764048,8.832259,8.887352,8.897489,8.856866
0,1,0,5.326732,5.27047,5.259484,5.300451,5.368638,5.423882,5.434535,5.394587 1,-1,0,5.9744,5.909288,5.856603,5.851388,5.896804,5.96556,6.017292,6.022363 1,-1,0,12.32242,12.254505,12.202269,12.197403,12.242805,12.31155,12.363324,12.368125 1,-1,0,15.12484,15.051117,15.008708,15.01738,15.071987,15.14028,15.182322,15.173744 1,-1,0,10.92692,10.855697,10.816286,10.828755,10.885667,10.953335,10.992254,10.979971 1,-1,0,13.47088,13.403694,13.380761,13.410767,13.475899,13.537818,13.560485,13.530811 1,-1,0,8.719556,8.667224,8.654612,8.693983,8.761838,8.818267,8.830646,8.791886
0,1,0,5.269827,5.211433,5.19665,5.234462,5.302006,5.359413,5.373749,5.336923 1,-1,0,6.118958,6.054162,5.999567,5.991291,6.034344,6.102846,6.156526,6.16458 1,-1,0,12.46112,12.393228,12.340032,12.333672,12.377936,12.446569,12.499312,12.505587 1,-1,0,15.20845,15.134573,15.091134,15.098494,15.152287,15.22074,15.263811,15.25653 1,-1,0,10.99636,10.924804,10.88389,10.894529,10.950377,11.018365,11.058782,11.048301 1,-1,0,13.45953,13.391796,13.367414,13.396025,13.460641,13.523214,13.547316,13.519025 1,-1,0,8.664998,8.611269,8.596354,8.63378,8.701196,8.758918,8.773557,8.73673
0,1,0,5.229539,5.169161,5.150551,5.185018,5.251693,5.311132,5.329182,5.295653 1,-1,0,6.274539,6.210158,6.153845,6.142669,6.18339,6.251524,6.306965,6.317851 1,-1,0,12.60543,12.537595,12.483485,12.475668,12.518798,12.587291,12.640957,12.648672 1,-1,0,15.29749,15.223485,15.179042,15.185103,15.238071,15.306657,15.35073,15.344735 1,-1,0,11.07349,11.001661,10.959291,10.968117,11.022875,11.091131,11.132999,11.124304 1,-1,0,13.45485,13.386613,13.360792,13.387991,13.452058,13.515256,13.540782,13.51389 1,-1,0,8.620541,8.565462,8.548234,8.583646,8.650538,8.709505,8.726414,8.691584
0,1,0,5.206254,5.144066,5.121638,5.152595,5.218168,5.279484,5.301243,5.27116 1,-1,0,6.440343,6.376461,6.318608,6.304697,6.343131,6.410801,6.467829,6.48139 1,-1,0,12.75517,12.687414,12.632434,12.623197,12.6652,12.733527,12.788072,12.797191 1,-1,0,15.39186,15.317757,15.272338,15.277112,15.329247,15.39794,15.442989,15.438267 1,-1,0,11.15815,11.086105,11.042331,11.049362,11.103007,11.171482,11.214752,11.207825 1,-1,0,13.45686,13.388151,13.360905,13.386677,13.450162,13.513954,13.540893,13.515414 1,-1,0,8.586341,8.529967,8.510424,8.543758,8.610041,8.670195,8.689379,8.656606
0,1,0,5.2002,5.136399,5.110204,5.137514,5.201757,5.264766,5.290197,5.263678 1,-1,0,6.615604,6.552285,6.493059,6.476575,6.512781,6.579908,6.638359,6.654443 1,-1,0,12.91014,12.842494,12.786688,12.776068,12.816953,12.88509,12.940471,12.950956 1,-1,0,15.49147,15.417291,15.370925,15.374426,15.42572,15.494495,15.540493,15.537029 1,-1,0,11.25018,11.177965,11.132837,11.138098,11.190611,11.259255,11.303878,11.298695 1,-1,0,13.46556,13.396409,13.367751,13.392085,13.454957,13.519311,13.547648,13.523594 1,-1,0,8.562523,8.504911,8.48306,8.51426,8.579849,8.641129,8.662581,8.631918
0,1,2,4.991831,4.927563,4.900212,4.926401,4.990208,5.05368,5.080205,5.054813 1,-1,2,6.507781,6.441609,6.377943,6.362782,6.397172,6.463799,6.523321,6.541409 1,-1,2,12.780328,12.712495,12.65581,12.644481,12.684549,12.752531,12.808501,12.819973 1,-1,2,15.320115,15.251274,15.20976,15.207187,15.258012,15.326822,15.373335,15.370566 1,-1,2,11.077376,11.008596,10.96626,10.967068,11.018968,11.087684,11.133012,11.128762 1,-1,2,13.255224,13.190415,13.1658,13.185155,13.247821,13.312351,13.341142,13.317561 1,-1,2,8.351869,8.289777,8.263121,8.297987,8.363391,8.42494,8.446965,8.416854
0,1,2,4.691948,4.627641,4.600225,4.626403,4.690221,4.753682,4.780217,4.754887 1,-1,2,6.275923,6.210354,6.145738,6.128554,6.161153,6.22724,6.287743,6.307761 1,-1,2,12.52832,12.460647,12.40352,12.39125,12.430599,12.498434,12.554907,12.567239 1,-1,2,15.039479,14.970622,14.92876,14.925707,14.976212,15.045042,15.091899,15.089603 1,-1,2,10.794826,10.726014,10.68321,10.683388,10.734881,10.803636,10.849422,10.84579 1,-1,2,12.955577,12.890742,12.86606,12.88536,12.948002,13.012552,13.041398,13.017882 1,-1,2,8.052311,7.99028,7.963764,7.998798,8.064261,8.125727,8.147589,8.117342
0,1,2,4.392081,4.327729,4.300241,4.326405,4.390236,4.453684,4.480231,4.45497 1,-1,2,6.050058,5.985205,5.919631,5.900284,5.930919,5.996359,6.057863,6.079939 1,-1,2,12.278468,12.210975,12.15339,12.14015,12.178743,12.246415,12.303401,12.316628 1,-1,2,14.759604,14.690736,14.64851,14.644962,14.695132,14.76398,14.811192,14.809386 1,-1,2,10.513242,10.444403,10.40111,10.400623,10.451682,10.520474,10.566738,10.563757 1,-1,2,12.655946,12.591085,12.56633,12.585574,12.648192,12.712762,12.741666,12.718217 1,-1,2,7.752787,7.690823,7.664457,7.699672,7.765198,7.826573,7.848261,7.817868
0,1,2,4.092233,4.027831,4.000258,4.026408,4.090253,4.153687,4.180248,4.155066 1,-1,2,5.830883,5.766876,5.700349,5.678691,5.707171,5.77184,5.834355,5.858624 1,-1,2,12.03091,11.963615,11.90558,11.891318,11.929115,11.996603,12.054115,12.06827 1,-1,2,14.480536,14.411658,14.36906,14.364995,14.414816,14.483678,14.531256,14.52996 1,-1,2,10.232705,10.163844,10.12005,10.11885,10.169447,10.23827,10.285036,10.282742 1,-1,2,12.356333,12.291444,12.26662,12.285799,12.348391,12.412982,12.441948,12.418569 1,-1,2,7.453301,7.39141,7.365206,7.400617,7.46621,7.527487,7.548987,7.518435
0,1,2,3.792409,3.727949,3.700279,3.726412,3.790272,3.85369,3.880266,3.855176 1,-1,2,5.619181,5.556172,5.488708,5.464587,5.490701,5.554453,5.61798,5.64458 1,-1,2,11.785787,11.718714,11.66021,11.644897,11.681857,11.74914,11.807188,11.822307 1,-1,2,14.20232,14.133438,14.09045,14.085854,14.135307,14.20418,14.252137,14.25137 1,-1,2,9.953304,9.884428,9.840099,9.838156,9.888258,9.957108,10.004397,10.002829 1,-1,2,12.056739,11.991821,11.96692,11.986035,12.0486,12.113213,12.142243,12.118939 1,-1,2,7.153859,7.092046,7.06602,7.101641,7.167307,7.228476,7.249772,7.21905
0,1,2,3.492615,3.428087,3.400303,3.426416,3.490295,3.553694,3.580288,3.555305 1,-1,2,5.415828,5.353991,5.285628,5.258887,5.282404,5.345069,5.409593,5.438667 1,-1,2,11.543257,11.47643,11.41745,11.401043,11.437123,11.504178,11.562771,11.578893 1,-1,2,13.92501,13.856127,13.81274,13.807586,13.856655,13.925536,13.973883,13.973666 1,-1,2,9.675135,9.606252,9.561367,9.558634,9.608207,9.677076,9.724914,9.724114 1,-1,2,11.757166,11.692217,11.66723,11.686283,11.748819,11.813456,11.842552,11.819327 1,-1,2,6.854465,6.792739,6.766904,6.802756,6.8685,6.929551,6.950625,6.919718
0,1,2,3.19286,3.128252,3.100332,3.126421,3.190322,3.253698,3.280314,3.255458 1,-1,2,5.2218,5.161337,5.092132,5.062615,5.083285,5.144665,5.210153,5.241842 1,-1,2,11.303485,11.236931,11.17748,11.159927,11.195078,11.261879,11.321028,11.338191 1,-1,2,13.648659,13.57978,13.53598,13.530249,13.578914,13.647797,13.696547,13.696903 1,-1,2,9.398311,9.32943,9.283962,9.280392,9.329397,9.398277,9.446689,9.446704 1,-1,2,11.457615,11.392635,11.36756,11.386544,11.44905,11.513712,11.542879,11.519735 1,-1,2,6.555127,6.493495,6.467872,6.503973,6.569801,6.630723,6.651555,6.620446
0,1,2,2.893157,2.828452,2.800367,2.826426,2.890355,2.953704,2.980345,2.955642 1,-1,2,5.038173,4.979316,4.909353,4.87691,4.894465,4.95433,5.020726,5.055168 1,-1,2,11.066651,11.0004,10.94046,10.921728,10.955901,11.02242,11.082133,11.100377 1,-1,2,13.373328,13.304458,13.26024,13.253898,13.302139,13.37102,13.420186,13.421139 1,-1,2,9.122951,9.054085,9.008005,9.003546,9.051941,9.120824,9.169838,9.170716 1,-1,2,11.158089,11.093075,11.06791,11.08682,11.149293,11.213981,11.243222,11.220165 1,-1,2,6.255852,6.194325,6.168932,6.205308,6.271227,6.332006,6.352573,6.321243
0,1,2,2.593521,2.5287,2.500411,2.526434,2.590396,2.65371,2.680383,2.655868 1,-1,2,4.866126,4.809134,4.738533,4.703024,4.71718,4.77527,4.842487,4.879809 1,-1,2,10.832948,10.767032,10.70661,10.686643,10.719784,10.785988,10.846274,10.865643 1,-1,2,13.09908,13.030226,12.98557,12.978597,13.026392,13.095266,13.144862,13.146436 1,-1,2,8.849194,8.780355,8.733633,8.728232,8.775969,8.844843,8.894489,8.896282 1,-1,2,10.858588,10.793539,10.76828,10.787111,10.84955,10.914265,10.943584,10.920619 1,-1,2,5.95665,5.895239,5.870101,5.906778,5.972795,6.033417,6.053692,6.02212
0,1,2,2.293981,2.229014,2.200466,2.226443,2.290447,2.353719,2.38043,2.356151 1,-1,2,4.706929,4.652091,4.581008,4.542314,4.552777,4.608798,4.676717,4.717027 1,-1,2,10.602583,10.537038,10.47612,10.45488,10.486933,10.552789,10.613654,10.63419 1,-1,2,12.825985,12.757154,12.71204,12.704415,12.75174,12.8206,12.87064,12.872863 1,-1,2,8.577193,8.508396,8.461001,8.454597,8.501625,8.570476,8.620785,8.623552 1,-1,2,10.559116,10.49403,10.46866,10.487418,10.549822,10.614565,10.643967,10.621099 1,-1,2,5.657533,5.596251,5.571397,5.608405,5.674529,5.734974,5.754926,5.723089
0,1,2,1.99458,1.929427,1.900538,1.926456,1.990515,2.053731,2.080493,2.056518 1,-1,2,4.561928,4.50956,4.438195,4.396226,4.402702,4.456325,4.524785,4.568169 1,-1,2,10.375778,10.310643,10.24924,10.226667,10.257571,10.323042,10.384492,10.40624 1,-1,2,12.554119,12.485318,12.43974,12.431427,12.478257,12.547096,12.597595,12.600493 1,-1,2,8.30712,8.238386,8.190284,8.182812,8.229073,8.297884,8.348889,8.352693 1,-1,2,10.259676,10.194551,10.16908,10.187744,10.25011,10.314884,10.344373,10.321607 1,-1,2,5.358515,5.297378,5.272839,5.310217,5.376456,5.436704,5.456298,5.424165
0,1,2,1.69539,1.629991,1.600638,1.626473,1.690605,1.753745,1.780575,1.757008 1,-1,2,4.432514,4.382957,4.311556,4.266261,4.268463,4.319334,4.388129,4.434634 1,-1,2,10.152772,10.088089,10.0262,10.002244,10.031937,10.09698,10.159019,10.182026 1,-1,2,12.283562,12.214801,12.16873,12.15971,12.206019,12.27483,12.325802,12.329406 1,-1,2,8.039169,7.97052,7.921675,7.913064,7.958495,8.027247,8.078981,8.083891 1,-1,2,9.960269,9.895102,9.869512,9.88809,9.950414,10.015221,10.044802,10.022145 1,-1,2,5.059613,4.998639,4.974454,5.012243,5.07861,5.138635,5.157827,5.125366
0,1,2,1.396547,1.330808,1.300784,1.326497,1.390734,1.453765,1.48069,1.4577 1,-1,2,4.32009,4.273698,4.202554,4.153933,4.151599,4.19934,4.268217,4.317845 1,-1,2,9.933819,9.869636,9.807263,9.781875,9.810289,9.874858,9.937488,9.9618 1,-1,2,12.014404,11.945691,11.89912,11.889354,11.935112,12.003885,12.055347,12.059687 1,-1,2,7.77356,7.705022,7.655399,7.645572,7.6901,7.75877,7.81127,7.817359 1,-1,2,9.660898,9.595688,9.569976,9.588456,9.650738,9.715578,9.745258,9.722715 1,-1,2,4.760848,4.700061,4.676276,4.714527,4.781033,4.840804,4.859545,4.826716
0,1,2,1.098335,1.0321,1.001018,1.026535,1.090934,1.153797,1.180864,1.15875 1,-1,2,4.226011,4.183142,4.112591,4.060707,4.053612,4.097837,4.166494,4.219194 1,-1,2,9.719196,9.655563,9.592714,9.565838,9.592902,9.656947,9.720168,9.745834 1,-1,2,11.74674,11.678087,11.631,11.620452,11.665629,11.734354,11.786322,11.791432 1,-1,2,7.510541,7.442147,7.391706,7.380579,7.424125,7.492684,7.545988,7.553338 1,-1,2,9.361567,9.296312,9.270471,9.288847,9.351082,9.415958,9.445742,9.423322 1,-1,2,4.46225,4.401676,4.378347,4.417119,4.483779,4.543258,4.561488,4.528245
0,1,2,0.801458,0.734446,0.701451,0.726605,0.791286,0.853849,0.881156,0.860532 1,-1,2,4.151526,4.112524,4.042938,3.987922,3.975898,4.016227,4.08432,4.139977 1,-1,2,9.509193,9.446167,9.382853,9.354434,9.380072,9.44354,9.507348,9.534416 1,-1,2,11.480675,11.412094,11.36447,11.353109,11.39767,11.466337,11.518828,11.524742 1,-1,2,7.250395,7.182181,7.130886,7.118366,7.16084,7.229255,7.283401,7.2921 1,-1,2,9.062281,8.996977,8.970997,8.989263,9.051449,9.116363,9.146258,9.123969 1,-1,2,4.163853,4.103527,4.080722,4.120088,4.186916,4.246058,4.263704,4.22999
