0,1,4,11.64992,11.713786,11.777195,11.80325,11.77693,11.713406,11.649649,11.62325 1,-1,4,9.238237,9.306868,9.359654,9.366101,9.326008,9.253997,9.200605,9.194041 1,-1,4,2.896226,2.964544,3.019309,3.029731,2.990354,2.922384,2.865768,2.854746 1,-1,4,3.129956,3.133961,3.18624,3.254889,3.299485,3.296079,3.24557,3.17672 1,-1,4,5.435883,5.491758,5.559723,5.600196,5.586876,5.535273,5.467003,5.425537 1,-1,4,7.675163,7.702198,7.766262,7.829465,7.859919,7.828652,7.765103,7.701372 1,-1,4,10.057461,10.111818,10.180158,10.222546,10.21276,10.160727,10.092256,10.049318
0,1,6,11.565393,11.628779,11.692665,11.71987,11.694705,11.631679,11.56746,11.539892 1,-1,6,9.095005,9.163509,9.217138,9.224905,9.182359,9.113997,9.06325,9.051849 1,-1,6,2.765181,2.832779,2.890108,2.904875,2.869011,2.802287,2.743076,2.727481 1,-1,6,3.290004,3.290476,3.340363,3.409212,3.456751,3.456302,3.408163,3.33924 1,-1,6,5.407636,5.461787,5.530156,5.572865,5.565602,5.512471,5.440679,5.400151 1,-1,6,7.766648,7.791956,7.855312,7.919226,7.946611,7.921797,7.863914,7.794569 1,-1,6,10.03502,10.088408,10.156925,10.200514,10.194029,10.141196,10.07065,10.028428
0,1,6,11.357567,11.420434,11.484791,11.513173,11.489218,11.426729,11.36204,11.333282 1,-1,6,8.832617,8.900996,8.955313,8.96419,8.92254,8.854328,8.802871,8.790344 1,-1,6,2.521155,2.587751,2.6474,2.66648,2.63462,2.56924,2.507334,2.487435 1,-1,6,3.417035,3.411898,3.457749,3.526549,3.577866,3.582765,3.539003,3.469972 1,-1,6,5.268256,5.320238,5.388935,5.43421,5.430279,5.37936,5.307427,5.264201 1,-1,6,7.778613,7.801435,7.863709,7.928554,7.958305,7.935935,7.879338,7.808937 1,-1,6,9.896849,9.94906,10.017741,10.062718,10.058043,10.0064,9.935576,9.892096
0,1,6,11.153938,11.216244,11.281065,11.310658,11.287964,11.226056,11.16092,11.130924 1,-1,6,8.572696,8.640922,8.695955,8.706004,8.665317,8.597285,8.545092,8.531374 1,-1,6,2.290464,2.355477,2.417587,2.441707,2.414793,2.351421,2.286695,2.261751 1,-1,6,3.564846,3.554555,3.596391,3.664746,3.719291,3.729127,3.689649,3.620896 1,-1,6,5.142618,5.192182,5.261048,5.308904,5.308477,5.260009,5.18812,5.142178 1,-1,6,7.802104,7.822417,7.883522,7.9492,7.981267,7.961359,7.906124,7.834773 1,-1,6,9.765942,9.816905,9.885703,9.932075,9.929261,9.878878,9.807818,9.76308
0,1,6,10.95474,11.01644,11.081716,11.112551,11.091173,11.029891,10.96431,10.933053 1,-1,6,8.315475,8.383517,8.439291,8.450581,8.410929,8.343111,8.290154,8.275175 1,-1,6,2.077553,2.140114,2.204705,2.234669,2.213871,2.153454,2.08596,2.055165 1,-1,6,3.730968,3.716003,3.753935,3.821541,3.878805,3.893144,3.857782,3.789601 1,-1,6,5.031752,5.078638,5.147487,5.19791,5.201147,5.155374,5.083737,5.035095 1,-1,6,7.837016,7.854809,7.914665,7.981077,8.015399,7.997964,7.944157,7.871967 1,-1,6,9.642594,9.692236,9.761103,9.80887,9.807967,9.758915,9.687669,9.641676
0,1,6,10.76022,10.821264,10.886984,10.919094,10.899088,10.838482,10.77247,10.739918 1,-1,6,8.061211,8.129033,8.185574,8.198179,8.15964,8.092075,8.038327,8.022014 1,-1,6,1.888445,1.947281,2.014131,2.050747,2.037456,1.981299,1.911409,1.874003 1,-1,6,3.913071,3.893905,3.928107,3.994746,4.054272,4.072684,4.041219,3.973821 1,-1,6,4.936651,4.980601,5.04922,5.102165,5.1092,5.066366,4.995216,4.943922 1,-1,6,7.883199,7.898471,7.957005,8.024052,8.06056,8.045596,7.993276,7.920356 1,-1,6,9.5271,9.575346,9.644228,9.693387,9.694443,9.646792,9.575415,9.528174
0,1,6,10.570635,10.630972,10.697122,10.730537,10.711962,10.652083,10.58565,10.551778 1,-1,6,7.810194,7.877753,7.935088,7.949085,7.911746,7.84448,7.789913,7.772187 1,-1,6,1.730961,1.784298,1.852761,1.896676,1.892412,1.842208,1.770802,1.726288 1,-1,6,4.10903,4.086112,4.116798,4.182321,4.243716,4.265787,4.237974,4.171503 1,-1,6,4.858243,4.899,4.967155,5.02254,5.03348,4.993821,4.923412,4.869553 1,-1,6,7.940455,7.953217,8.010364,8.077947,8.116565,8.10406,8.053278,7.979738 1,-1,6,9.419747,9.466523,9.535362,9.585904,9.588964,9.542787,9.471335,9.42286
0,1,6,10.386257,10.445831,10.512394,10.547144,10.530058,10.470963,10.40413,10.368906 1,-1,6,7.562746,7.629994,7.688148,7.703621,7.667576,7.600661,7.54525,7.526027 1,-1,6,1.614381,1.65998,1.728793,1.780223,1.7864,1.744109,1.672721,1.621189 1,-1,6,4.316958,4.290702,4.318104,4.382422,4.445349,4.470696,4.446279,4.380825 1,-1,6,4.797346,4.834668,4.902104,4.959811,4.974729,4.938465,4.869065,4.812767 1,-1,6,8.008547,8.01882,8.074523,8.142545,8.183192,8.173125,8.123922,8.04987 1,-1,6,9.320817,9.366049,9.434783,9.486695,9.491798,9.447167,9.375704,9.326011
0,1,6,10.207366,10.266119,10.333074,10.369188,10.353653,10.295399,10.2282,10.191584 1,-1,6,7.31923,7.38611,7.445107,7.462144,7.427498,7.360994,7.304715,7.283904 1,-1,6,1.547974,1.583462,1.650674,1.709097,1.726622,1.694137,1.624885,1.567303 1,-1,6,4.535209,4.50599,4.530345,4.593413,4.657588,4.685863,4.664586,4.600197 1,-1,6,4.754632,4.788301,4.854753,4.914625,4.933551,4.90088,4.832762,4.774192 1,-1,6,8.087201,8.095016,8.149228,8.217594,8.260183,8.252525,8.204934,8.130473 1,-1,6,9.230581,9.274195,9.342758,9.39602,9.403203,9.36019,9.288781,9.237893
0,1,6,10.034258,10.092127,10.15945,10.196954,10.183031,10.125682,10.05813,10.020109 1,-1,6,7.080051,7.146498,7.20636,7.225054,7.191921,7.125898,7.068727,7.046236 1,-1,6,1.538254,1.561783,1.625031,1.689031,1.717913,1.69655,1.631719,1.569912 1,-1,6,4.762365,4.730513,4.752055,4.813861,4.87905,4.909938,4.891557,4.828249 1,-1,6,4.730595,4.760425,4.825622,4.887469,4.910389,4.881476,4.814914,4.754272 1,-1,6,8.176113,8.18151,8.234192,8.302811,8.347253,8.341963,8.296009,8.221239 1,-1,6,9.149296,9.191219,9.259542,9.314129,9.323423,9.282098,9.210814,9.158758
0,1,6,9.867234,9.924153,9.991817,10.030736,10.018488,9.962108,9.894242,9.854783 1,-1,6,6.845663,6.911601,6.972346,6.992796,6.9613,6.895838,6.83776,6.813487 1,-1,6,1.586262,1.59718,1.654305,1.721814,1.76103,1.751134,1.692561,1.628745 1,-1,6,4.997213,4.963022,4.981972,5.042528,5.108536,5.14176,5.126042,5.063812 1,-1,6,4.725519,4.751364,4.815042,4.878644,4.905499,4.88047,4.815724,4.753239 1,-1,6,8.274952,8.277979,8.329102,8.397887,8.444089,8.441122,8.39682,8.321837 1,-1,6,9.077203,9.117364,9.185375,9.241256,9.252687,9.213116,9.14203,9.08884
0,1,6,9.706611,9.762512,9.830483,9.87084,9.86033,9.804987,9.736838,9.695923 1,-1,6,6.616578,6.681919,6.74356,6.765872,6.736149,6.671339,6.612339,6.586182 1,-1,6,1.687077,1.686061,1.735721,1.804567,1.852357,1.853282,1.801949,1.738101 1,-1,6,5.238716,5.202442,5.219008,5.278343,5.345011,5.380323,5.367054,5.305881 1,-1,6,4.739465,4.761227,4.823134,4.88825,4.918936,4.897874,4.835184,4.771108 1,-1,6,8.383367,8.384077,8.433619,8.502489,8.550359,8.549662,8.507022,8.431913 1,-1,6,9.014523,9.052852,9.120478,9.177616,9.191203,9.153453,9.08264,9.028356
0,1,6,9.552711,9.60752,9.675763,9.717576,9.708867,9.654634,9.586242,9.543851 1,-1,6,6.393364,6.458007,6.520552,6.544832,6.517031,6.452979,6.393049,6.364901 1,-1,6,1.832002,1.82061,1.862453,1.930876,1.985253,1.995706,1.951736,1.889228 1,-1,6,5.485996,5.447865,5.462239,5.520392,5.587589,5.624773,5.613755,5.553609 1,-1,6,4.772267,4.789895,4.849807,4.916178,4.950548,4.933494,4.873069,4.807666 1,-1,6,8.500991,8.499445,8.547394,8.616272,8.665717,8.667233,8.626254,8.551102 1,-1,6,8.961452,8.997886,9.065049,9.123401,9.139158,9.10329,9.032827,8.977493
0,1,6,9.405865,9.459506,9.52798,9.571265,9.564418,9.511369,9.442777,9.398898 1,-1,6,6.176658,6.240486,6.303935,6.330296,6.304578,6.241404,6.180544,6.150297 1,-1,6,2.011525,1.991592,2.026014,2.092868,2.15203,2.17049,2.133432,2.073009 1,-1,6,5.738306,5.698513,5.710872,5.76789,5.835508,5.874373,5.865426,5.806269 1,-1,6,4.823539,4.837036,4.894755,4.962119,4.999993,4.986938,4.928956,4.862493 1,-1,6,8.627447,8.623711,8.67006,8.738876,8.789804,8.793469,8.754147,8.679029 1,-1,6,8.918162,8.95264,9.019264,9.078781,9.096715,9.062785,8.992753,8.936418
0,1,6,9.266407,9.318802,9.38746,9.432228,9.427306,9.375517,9.306773,9.261397 1,-1,6,5.967169,6.030049,6.094391,6.122946,6.099484,6.037327,5.975549,5.943092 1,-1,6,2.217258,2.190492,2.218273,2.282962,2.345471,2.370488,2.339613,2.281568 1,-1,6,5.995011,5.953727,5.964231,6.020163,6.088116,6.128494,6.121453,6.063245 1,-1,6,4.892702,4.902115,4.957482,5.025579,5.066748,5.057641,5.00224,4.93498 1,-1,6,8.762354,8.756495,8.801247,8.869937,8.922256,8.928006,8.890326,8.815312 1,-1,6,8.884797,8.917263,8.983269,9.043897,9.064007,9.032068,8.962546,8.905266
0,1,6,9.134676,9.185744,9.254534,9.300793,9.297855,9.247405,9.178563,9.131684 1,-1,6,5.765683,5.827461,5.892674,5.923536,5.902517,5.841532,5.778862,5.744086 1,-1,6,2.442588,2.41041,2.432434,2.494741,2.559538,2.589865,2.56438,2.508733 1,-1,6,6.25557,6.212945,6.221741,6.276638,6.344853,6.386598,6.381313,6.324012 1,-1,6,4.979009,4.984431,5.037324,5.105904,5.150139,5.144892,5.092172,5.024362 1,-1,6,8.905327,8.897417,8.940579,9.009084,9.062707,9.070473,9.03442,8.959571 1,-1,6,8.861468,8.891873,8.957183,9.018864,9.041141,9.01124,8.942308,8.88414
0,1,6,9.01101,9.060669,9.129535,9.177285,9.176388,9.12736,9.058478,9.010097 1,-1,6,5.57307,5.633571,5.699614,5.732896,5.714517,5.654881,5.591359,5.554162 1,-1,6,2.682581,2.646109,2.663219,2.723151,2.789487,2.824108,2.803266,2.749895 1,-1,6,6.519521,6.475686,6.482905,6.536819,6.605237,6.648219,6.644557,6.588119 1,-1,6,5.081588,5.083146,5.133482,5.202314,5.249375,5.247867,5.197886,5.129756 1,-1,6,9.055984,9.046095,9.087681,9.15595,9.21079,9.220502,9.186053,9.111427 1,-1,6,8.848255,8.876555,8.941092,9.003761,9.02819,9.000368,8.932105,8.873113
0,1,6,8.895746,8.94391,9.012791,9.06203,9.063228,9.015702,8.946844,8.896967 1,-1,6,5.390279,5.449307,5.516122,5.551929,5.536398,5.478309,5.413996,5.374281 1,-1,6,2.933639,2.893736,2.906672,2.96435,3.031706,3.069816,3.052959,3.001685 1,-1,6,6.786469,6.741537,6.7473,6.800281,6.868854,6.912959,6.910796,6.855181 1,-1,6,5.199475,5.197325,5.245058,5.313934,5.363575,5.365658,5.318441,5.250198 1,-1,6,9.213949,9.202155,9.242183,9.310168,9.366144,9.377732,9.34486,9.270506 1,-1,6,8.845204,8.871361,8.93505,8.998641,9.025199,8.999489,8.931973,8.872222
0,1,6,8.789215,8.835799,8.904628,8.955344,8.958689,8.912747,8.843983,8.792622 1,-1,6,5.218343,5.275676,5.343183,5.38161,5.369143,5.312819,5.2478,5.205485 1,-1,6,3.193156,3.150481,3.159865,3.215462,3.283481,3.324449,3.311015,3.261641 1,-1,6,7.056074,7.010146,7.014562,7.066658,7.135347,7.180474,7.179699,7.124865 1,-1,6,5.331655,5.325975,5.371093,5.439827,5.491807,5.497316,5.452855,5.38468 1,-1,6,9.378852,9.365228,9.403721,9.471381,9.528414,9.541805,9.51048,9.436444 1,-1,6,8.852323,8.876309,8.939079,9.003519,9.032177,9.008607,8.941911,8.88147
0,1,6,8.691738,8.736656,8.805362,8.85754,8.863075,8.818801,8.750201,8.697379 1,-1,6,5.05837,5.113763,5.181853,5.222982,5.213799,5.15948,5.093865,5.048887 1,-1,6,3.459227,3.414286,3.420636,3.474336,3.542774,3.586105,3.575622,3.527958 1,-1,6,7.328041,7.281207,7.284372,7.33563,7.404403,7.450462,7.450976,7.396884 1,-1,6,5.477093,5.468074,5.510594,5.579026,5.633112,5.641867,5.600128,5.532175 1,-1,6,9.550333,9.534952,9.571937,9.639236,9.697251,9.712375,9.682565,9.608885 1,-1,6,8.86959,8.891382,8.953163,9.01838,9.049101,9.02769,8.961886,8.900825
0,1,6,8.603622,8.64679,8.715297,8.768913,8.77668,8.734153,8.665796,8.611538 1,-1,6,4.911528,4.964715,5.03325,5.077141,5.07146,5.019405,4.953334,4.905655 1,-1,6,3.730449,3.683635,3.687377,3.739362,3.808051,3.853354,3.84543,3.799299 1,-1,6,7.602117,7.554455,7.556459,7.606924,7.675753,7.722666,7.724379,7.670989 1,-1,6,5.634763,5.622601,5.662566,5.730563,5.786532,5.798349,5.759274,5.691673 1,-1,6,9.728046,9.71098,9.746485,9.813394,9.872318,9.889106,9.860776,9.787484 1,-1,6,8.896945,8.916529,8.977256,9.043174,9.075915,9.056675,8.991832,8.930223
0,1,6,8.525157,8.566493,8.634721,8.689744,8.699776,8.659077,8.591043,8.535383 1,-1,6,4.779028,4.829721,4.898531,4.945218,4.943249,4.893732,4.827377,4.77699 1,-1,6,4.005778,3.957397,3.958883,4.00932,4.078144,4.125109,4.119416,4.074661 1,-1,6,7.878082,7.829662,7.830586,7.880299,7.949162,7.996859,7.999687,7.946965 1,-1,6,5.803667,5.788563,5.826032,5.893485,5.95113,5.965823,5.929337,5.862195 1,-1,6,9.911653,9.892975,9.927032,9.993524,10.053292,10.071673,10.04479,9.971912 1,-1,6,8.934295,8.951665,9.011278,9.07782,9.112532,9.095469,9.031649,8.969563
0,1,6,8.456613,8.496035,8.563902,8.620294,8.632619,8.593824,8.526196,8.469177 1,-1,6,4.662093,4.709992,4.778871,4.828354,4.830291,4.783597,4.717164,4.664099 1,-1,6,4.28442,4.234714,4.234236,4.283278,4.352155,4.400535,4.3968,4.35328 1,-1,6,8.155746,8.106628,8.106546,8.155546,8.224426,8.272844,8.276712,8.224624 1,-1,6,5.982855,5.965005,6.000054,6.066876,6.126006,6.143389,6.109406,6.042807 1,-1,6,10.100835,10.080613,10.113257,10.179309,10.239857,10.259766,10.23428,10.161851 1,-1,6,8.981516,8.996673,9.055117,9.122205,9.158834,9.143946,9.081206,9.018717
0,1,6,8.398233,8.435664,8.503082,8.560799,8.575436,8.538617,8.471483,8.413153 1,-1,6,4.56192,4.606717,4.675426,4.727665,4.733678,4.690094,4.623817,4.568151 1,-1,6,4.565771,4.514934,4.512734,4.560515,4.629392,4.678985,4.676977,4.63457 1,-1,6,8.434939,8.385181,8.384158,8.432482,8.501365,8.550447,8.555287,8.503802 1,-1,6,6.171431,6.151025,6.183742,6.249865,6.310306,6.330199,6.298623,6.232633 1,-1,6,10.295285,10.273587,10.304853,10.370447,10.431716,10.453085,10.42897,10.356999 1,-1,6,9.038454,9.051406,9.10863,9.176189,9.214675,9.201953,9.140347,9.077524
0,1,6,8.350228,8.385598,8.45248,8.511469,8.52843,8.493655,8.427101,8.367516 1,-1,6,4.479633,4.521024,4.589293,4.644205,4.65443,4.614235,4.548378,4.490233 1,-1,6,4.849358,4.797547,4.793826,4.840466,4.909305,4.959949,4.959473,4.918072 1,-1,6,8.715515,8.665165,8.663262,8.710946,8.779818,8.829515,8.835266,8.784352 1,-1,6,6.368561,6.34578,6.376258,6.441633,6.503227,6.525458,6.496188,6.430855 1,-1,6,10.494708,10.4716,10.501523,10.566645,10.628579,10.651346,10.62856,10.557064 1,-1,6,9.104924,9.115688,9.171649,9.239603,9.279884,9.269311,9.208885,9.145798
0,1,6,8.31278,8.346021,8.412278,8.47248,8.491768,8.459099,8.393214,8.332437 1,-1,6,4.416233,4.453929,4.521462,4.578914,4.593443,4.556902,4.491748,4.431296 1,-1,6,5.13481,5.082152,5.077083,5.122688,5.191462,5.243022,5.243913,5.203424 1,-1,6,8.997345,8.946446,8.943719,8.990795,9.059647,9.109913,9.116518,9.066147 1,-1,6,6.573475,6.548492,6.576828,6.64142,6.704026,6.728432,6.701363,6.636723 1,-1,6,10.698827,10.674373,10.70299,10.767627,10.830175,10.854279,10.83278,10.761775 1,-1,6,9.180722,9.18932,9.243979,9.312255,9.354264,9.345818,9.286614,9.22333
0,1,6,8.286032,8.317084,8.382626,8.443976,8.465584,8.435078,8.369948,8.30805 1,-1,6,4.372542,4.40628,4.472764,4.532579,4.551453,4.518799,4.454645,4.392103 1,-1,6,5.421833,5.368435,5.362162,5.406824,5.475516,5.527881,5.529999,5.490337 1,-1,6,9.280313,9.228907,9.225406,9.271905,9.340729,9.391523,9.398929,9.349075 1,-1,6,6.785468,6.758444,6.784738,6.848523,6.912017,6.938442,6.91347,6.849546 1,-1,6,10.907378,10.881638,10.908987,10.973132,11.036245,11.061625,11.04137,10.97087 1,-1,6,9.265617,9.272077,9.325404,9.393929,9.437598,9.431251,9.373304,9.309887
0,1,6,8.270086,8.298898,8.363637,8.426064,8.449978,8.421682,8.357395,8.294449 1,-1,6,4.349152,4.378712,4.44383,4.505784,4.528987,4.500414,4.437558,4.373186 1,-1,6,5.710191,5.656139,5.648786,5.692589,5.761187,5.814263,5.817486,5.77858 1,-1,6,9.56432,9.512441,9.508213,9.554163,9.622953,9.674239,9.682399,9.633037 1,-1,6,7.003897,6.974983,6.999334,7.062301,7.126568,7.15487,7.131891,7.068696 1,-1,6,11.120113,11.093145,11.119263,11.182908,11.246542,11.273142,11.2541,11.184103 1,-1,6,9.359362,9.363719,9.415687,9.484394,9.529651,9.52537,9.46871,9.405221
0,1,6,8.265006,8.291533,8.355383,8.418811,8.445006,8.418962,8.3556,8.291687 1,-1,6,4.346392,4.371606,4.435045,4.498879,4.526337,4.50199,4.440718,4.374808 1,-1,6,5.999691,5.94506,5.936733,5.979749,6.048247,6.101955,6.106178,6.067964 1,-1,6,9.849276,9.796957,9.792045,9.837473,9.906222,9.957967,9.966836,9.917943 1,-1,6,7.22818,7.197515,7.22002,7.282165,7.347108,7.377152,7.356064,7.293604 1,-1,6,11.336795,11.308656,11.333579,11.396722,11.460834,11.488601,11.47073,11.401244 1,-1,6,9.461695,9.463987,9.514576,9.5834,9.630175,9.627922,9.572571,9.509068
0,1,6,8.270812,8.295019,8.357896,8.422244,8.450688,8.426928,8.364572,8.299775 1,-1,6,4.364302,4.385061,4.44653,4.511954,4.543537,4.523506,4.464083,4.396945 1,-1,6,6.290175,6.235027,6.225817,6.268111,6.336505,6.390778,6.39591,6.358331 1,-1,6,10.135099,10.08237,10.076812,10.121744,10.190449,10.242621,10.25216,10.203714 1,-1,6,7.457787,7.425499,7.446254,7.507579,7.57311,7.604772,7.585478,7.523752 1,-1,6,11.557202,11.527945,11.551711,11.614349,11.678901,11.707781,11.69104,11.622072 1,-1,6,9.572339,9.572611,9.621807,9.690685,9.738905,9.738638,9.684614,9.621152
0,1,6,8.28748,8.309342,8.371167,8.436351,8.467003,8.445549,8.384274,8.318681 1,-1,6,4.402628,4.418889,4.478128,4.544838,4.580364,4.564679,4.507338,4.439292 1,-1,6,6.581512,6.525901,6.515888,6.557518,6.625806,6.680586,6.686548,6.649554 1,-1,6,10.42172,10.368607,10.362439,10.406897,10.475555,10.528128,10.5383,10.49028 1,-1,6,7.692243,7.65845,7.677545,7.738059,7.804101,7.837266,7.819674,7.758675 1,-1,6,11.781126,11.750802,11.773446,11.835578,11.900535,11.930479,11.91483,11.846381 1,-1,6,9.69101,9.689308,9.737103,9.805977,9.855571,9.857243,9.804559,9.741189
0,1,6,8.314947,8.334446,8.395144,8.461078,8.493888,8.474756,8.414634,8.348331 1,-1,6,4.460845,4.472628,4.529419,4.597105,4.63635,4.624984,4.569918,4.501278 1,-1,6,6.873595,6.817565,6.80682,6.847836,6.916018,6.971256,6.977978,6.941524 1,-1,6,10.709073,10.655601,10.648857,10.692864,10.761471,10.814419,10.82519,10.777577 1,-1,6,7.931116,7.895928,7.913451,7.973166,8.039652,8.074214,8.058231,7.997951 1,-1,6,12.008369,11.977027,11.998585,12.060213,12.125541,12.156501,12.14191,12.073978 1,-1,6,9.817417,9.813792,9.860181,9.928998,9.979894,9.983458,9.93212,9.868888
0,1,7,7.848869,7.859813,7.915916,7.983827,8.023929,8.013209,7.957791,8.232593 1,-1,7,4.18834,4.182669,4.227953,4.296707,4.348527,4.353983,4.310023,4.422361 1,-1,7,7.689091,7.629042,7.610881,7.645517,7.712199,7.771606,7.789391,7.139607 1,-1,7,11.460224,11.403577,11.391555,11.43132,11.499244,11.555422,11.567274,10.97029 1,-1,7,8.372584,8.330096,8.338894,8.3937,8.461942,8.503771,8.495143,8.107104 1,-1,7,12.35938,12.322734,12.338406,12.39707,12.464067,12.500299,12.48483,12.16996 1,-1,7,9.715128,9.703598,9.743824,9.811845,9.867685,9.879023,9.83935,9.838286
0,1,7,7.924808,7.933241,7.987839,8.056125,8.098227,8.089966,8.036061,8.057612 1,-1,7,4.335901,4.326012,4.368001,4.436367,4.490828,4.500355,4.459612,4.290735 1,-1,7,7.987112,7.926912,7.908436,7.94277,8.00936,8.068945,8.087055,7.309979 1,-1,7,11.753747,11.69689,11.684492,11.723938,11.791797,11.848198,11.860424,11.12159 1,-1,7,8.635624,8.592215,8.599825,8.653893,8.722287,8.765052,8.757585,8.166713 1,-1,7,12.605638,12.568191,12.582929,12.641083,12.708297,12.745332,12.730782,12.20531 1,-1,7,9.878844,9.86557,9.90434,9.972059,10.02891,10.041968,10.003732,9.752781
0,1,7,8.011268,8.017229,8.07028,8.138846,8.182855,8.177014,8.124661,7.890162 1,-1,7,4.498652,4.484867,4.523634,4.591405,4.648157,4.66146,4.623848,4.176546 1,-1,7,8.285275,8.224936,8.206167,8.24022,8.306725,8.366474,8.384884,7.488498 1,-1,7,12.047588,11.990532,11.977779,12.01692,12.084713,12.141326,12.153908,11.27885 1,-1,7,8.901001,8.856737,8.863229,8.916586,8.985106,9.02874,9.022368,8.236822 1,-1,7,12.85418,12.815969,12.829806,12.88746,12.954869,12.992671,12.979007,12.24792 1,-1,7,10.04885,10.033898,10.071235,10.13862,10.196415,10.211128,10.174305,9.675826
0,1,6,8.107913,8.11145,8.162919,8.231675,8.277497,8.274031,7.957795,8.154431 1,-1,6,4.675009,4.657648,4.693305,4.760321,4.819046,4.835828,4.30969,4.734793 1,-1,6,8.583567,8.5231,8.504059,8.53785,8.604273,8.664174,7.785994,8.649639 1,-1,6,12.341727,12.284483,12.27139,12.310241,12.377969,12.434783,11.57165,12.409284 1,-1,6,9.168515,9.123456,9.128892,9.181566,9.250187,9.294632,8.496758,9.237233 1,-1,6,13.104876,13.065937,13.078905,13.136068,13.203654,13.242187,12.49144,13.172622 1,-1,6,10.224833,10.20827,10.244199,10.31122,10.369895,10.386201,9.833671,10.284001
0,1,6,8.197364,8.214819,8.274492,8.341001,8.375627,8.358508,8.036064,8.232594 1,-1,6,4.378292,4.385946,4.440302,4.508624,4.551108,4.543733,4.459072,4.422029 1,-1,6,7.075674,7.018538,7.005855,7.045263,7.113136,7.169519,8.083674,7.143258 1,-1,6,10.897728,10.843425,10.835346,10.878307,10.946781,11.000573,11.86482,10.96608 1,-1,6,8.038451,8.001349,8.016678,8.075239,8.142274,8.178737,8.759254,8.10579 1,-1,6,12.097231,12.064536,12.084636,12.145567,12.211361,12.243663,12.73738,12.163286 1,-1,6,9.791107,9.785521,9.830443,9.899147,9.951327,9.95682,9.998027,9.843859
0,1,6,8.020632,8.036095,8.094727,8.161732,8.19808,8.182923,8.124664,8.057616 1,-1,6,4.243669,4.247072,4.298744,4.36747,4.413106,4.409831,4.623118,4.290622 1,-1,6,7.246425,7.18799,7.172946,7.210344,7.277764,7.335484,8.38152,7.313513 1,-1,6,11.049173,10.993882,10.984175,11.025839,11.094115,11.148909,12.15832,11.117305 1,-1,6,8.097457,8.058257,8.071114,8.12831,8.195876,8.23442,9.024088,8.165278 1,-1,6,12.13215,12.097972,12.11644,12.176563,12.242836,12.276611,12.98559,12.198664 1,-1,6,9.704367,9.696763,9.740134,9.808665,9.862125,9.869602,10.16858,9.758399
0,1,6,7.851378,7.864746,7.922237,7.989699,8.027811,8.014714,8.223261,7.890158 1,-1,6,4.126491,4.125365,4.173971,4.242854,4.291659,4.292741,4.800324,4.176656 1,-1,6,7.425373,7.365766,7.348488,7.383926,7.450837,7.509769,8.679515,7.491914 1,-1,6,11.206601,11.150379,11.139094,11.179474,11.24752,11.30326,12.45213,11.274484 1,-1,6,8.167058,8.125845,8.136249,8.192024,8.260027,8.300574,9.29106,8.235267 1,-1,6,12.174357,12.138725,12.155562,12.214844,12.281554,12.316773,13.23594,12.241288 1,-1,6,9.62619,9.616539,9.658294,9.726588,9.781306,9.790795,10.34502,9.681475
0,1,7,8.053672,8.054863,8.10475,8.173607,8.221123,8.219957,8.170773,8.101892 1,-1,7,4.710727,4.689428,4.721513,4.787474,4.848194,4.868799,4.83769,4.771306 1,-1,7,8.806896,8.74579,8.725431,8.758007,8.82405,8.884618,8.904612,8.869324 1,-1,7,12.548282,12.490456,12.476318,12.514279,12.581805,12.639213,12.653169,12.62011 1,-1,7,9.318835,9.272448,9.2761,9.327604,9.396357,9.442136,9.438548,9.389514 1,-1,7,13.226668,13.186642,13.198299,13.254708,13.322537,13.362157,13.350643,13.30117 1,-1,7,10.251646,10.23326,10.267569,10.334133,10.393762,10.411864,10.378032,10.30599
0,1,7,7.940057,7.93886,7.987082,8.055963,8.105145,8.106317,8.058809,7.989951 1,-1,7,4.698866,4.67343,4.701565,4.766143,4.82877,4.853392,4.826142,4.761051 1,-1,7,9.003113,8.941212,8.91916,8.950147,9.015659,9.077052,9.098722,9.065088 1,-1,7,12.72133,12.662787,12.647332,12.684158,12.751404,12.809543,12.824802,12.79292 1,-1,7,9.425599,9.377704,9.37928,9.429382,9.498231,9.545521,9.543973,9.496428 1,-1,7,13.298118,13.256867,13.267023,13.322548,13.390624,13.431464,13.421432,13.37281 1,-1,7,10.22029,10.199976,10.232531,10.298553,10.359151,10.379153,10.347059,10.27557
0,1,7,7.836286,7.832636,7.879085,7.947907,7.998742,8.002316,7.956587,7.887836 1,-1,7,4.706138,4.676661,4.700717,4.763647,4.827944,4.856503,4.833222,4.76968 1,-1,7,9.204926,9.142304,9.118644,9.148092,9.213055,9.275199,9.298461,9.266431 1,-1,7,12.899035,12.839815,12.823085,12.858792,12.925742,12.98457,13.001092,12.97037 1,-1,7,9.540605,9.491279,9.490825,9.539512,9.608395,9.657123,9.657569,9.611519 1,-1,7,13.375915,13.333473,13.342141,13.396763,13.465052,13.507081,13.498519,13.45076 1,-1,7,10.197667,10.175432,10.206195,10.271616,10.333137,10.355033,10.324714,10.25385
0,1,7,7.742745,7.736584,7.781153,7.849826,7.902293,7.908325,7.864477,7.795936 1,-1,7,4.732449,4.699075,4.718973,4.780008,4.845721,4.878091,4.858845,4.797092 1,-1,7,9.411976,9.348698,9.323515,9.351471,9.415871,9.4787,9.503473,9.472997 1,-1,7,13.081205,13.021347,13.003383,13.03799,13.104627,13.164106,13.181852,13.15227 1,-1,7,9.663556,9.612875,9.610439,9.657705,9.726564,9.776656,9.77905,9.734499 1,-1,7,13.459946,13.416347,13.423539,13.477245,13.545711,13.588896,13.581791,13.53491 1,-1,7,10.183827,10.159683,10.18862,10.253382,10.315778,10.339558,10.311045,10.24087
0,1,7,7.659829,7.651106,7.693688,7.762117,7.816185,7.824724,7.782858,7.714614 1,-1,7,4.777496,4.740414,4.756126,4.815049,4.881909,4.917925,4.902731,4.842968 1,-1,7,9.623925,9.560053,9.533425,9.559941,9.623767,9.687219,9.713425,9.684452 1,-1,7,13.26766,13.207202,13.188042,13.221568,13.28788,13.347973,13.366903,13.33844 1,-1,7,9.794159,9.742198,9.737834,9.783676,9.852457,9.90384,9.90813,9.865072 1,-1,7,13.550105,13.505383,13.511114,13.563891,13.632502,13.676809,13.671146,13.62515 1,-1,7,10.178823,10.152786,10.179867,10.243913,10.307133,10.332781,10.306102,10.23667
0,1,0,7.457245,7.446772,7.487967,7.556176,7.611291,7.621537,7.581068,7.513085 1,-1,0,4.679825,4.641614,4.653559,4.710424,4.778086,4.817217,4.805679,4.749955 1,-1,0,9.691453,9.629629,9.601205,9.6259,9.688965,9.753147,9.781129,9.756828 1,-1,0,13.30971,13.24382,13.223271,13.25552,13.321426,13.38221,13.402516,13.370621 1,-1,0,9.774462,9.718936,9.712597,9.756945,9.825591,9.878254,9.884487,9.840714 1,-1,0,13.49212,13.440017,13.444356,13.496228,13.564948,13.610302,13.606016,13.554564 1,-1,0,10.02692,10.00515,10.030726,10.094159,10.158,10.185129,10.159941,10.096922
0,1,0,7.203176,7.191233,7.231244,7.299236,7.355201,7.366877,7.327607,7.25988 1,-1,0,4.530694,4.489543,4.497649,4.552268,4.620535,4.662685,4.654867,4.601466 1,-1,0,9.707726,9.645059,9.614696,9.637375,9.699551,9.764473,9.794372,9.772057 1,-1,0,13.2877,13.221051,13.19902,13.229885,13.295323,13.356818,13.37859,13.348068 1,-1,0,9.692294,9.635411,9.627034,9.669799,9.738248,9.792188,9.800424,9.758231 1,-1,0,13.36449,13.311404,13.314351,13.365299,13.4341,13.480481,13.47757,13.427049 1,-1,0,9.821858,9.798696,9.822866,9.885702,9.950086,9.978573,9.95478,9.892383
0,1,0,6.952767,6.939254,6.977974,7.045701,7.10255,7.115753,7.077786,7.01037 1,-1,0,4.396999,4.352863,4.356843,4.408877,4.477564,4.522796,4.518963,4.468211 1,-1,0,9.733221,9.669777,9.637511,9.65816,9.719389,9.784988,9.816769,9.796455 1,-1,0,13.27243,13.20506,13.181554,13.211015,13.27595,13.338127,13.361358,13.332229 1,-1,0,9.618785,9.560573,9.550132,9.59125,9.659437,9.714628,9.724894,9.684343 1,-1,0,13.24243,13.188362,13.18989,13.239874,13.30873,13.356138,13.35463,13.305076 1,-1,0,9.62178,9.59718,9.619872,9.682053,9.746971,9.776859,9.754531,9.692815
0,1,0,6.70643,6.691238,6.728548,6.795951,6.853718,6.86855,6.832005,6.764961 1,-1,0,4.28019,4.233065,4.232649,4.281734,4.350611,4.398947,4.399348,4.351589 1,-1,0,9.767868,9.703711,9.669584,9.688194,9.748423,9.814634,9.848258,9.829951 1,-1,0,13.26393,13.195872,13.170899,13.198938,13.263336,13.326166,13.350848,13.323129 1,-1,0,9.554134,9.494629,9.482102,9.521509,9.589367,9.645779,9.658095,9.619247 1,-1,0,13.12609,13.071049,13.07113,13.120111,13.188993,13.237427,13.237348,13.188801 1,-1,0,9.427006,9.400919,9.422058,9.483523,9.548962,9.580293,9.559504,9.498531
0,1,0,6.46463,6.447642,6.483409,6.55042,6.609137,6.62571,6.590716,6.524118 1,-1,0,4.18168,4.131617,4.126567,4.172325,4.241115,4.292527,4.297382,4.25297 1,-1,0,9.81157,9.746765,9.710823,9.727392,9.786572,9.853329,9.888753,9.872455 1,-1,0,13.26222,13.193501,13.167074,13.193674,13.257501,13.320951,13.347073,13.32078 1,-1,0,9.498523,9.437765,9.423136,9.46077,9.528231,9.585829,9.60021,9.563124 1,-1,0,13.01563,12.95962,12.958228,13.006167,13.075044,13.124501,13.125875,13.078375 1,-1,0,9.237867,9.21025,9.229757,9.290439,9.356384,9.3892,9.370024,9.309861
0,1,0,6.227894,6.208986,6.243062,6.3096,6.369296,6.38773,6.354429,6.288366 1,-1,0,4.102788,4.049899,4.040023,4.082077,4.150457,4.204859,4.214348,4.173628 1,-1,0,9.864206,9.798819,9.761113,9.775644,9.833729,9.900967,9.938142,9.923849 1,-1,0,13.26729,13.19795,13.170082,13.195229,13.258453,13.322492,13.350041,13.325186 1,-1,0,9.45211,9.390145,9.373405,9.40921,9.476203,9.534944,9.551401,9.516131 1,-1,0,12.91119,12.854227,12.851338,12.898195,12.967035,13.017511,13.020363,12.973948 1,-1,0,9.054721,9.025526,9.043321,9.103148,9.169577,9.203919,9.186435,9.127153
0,1,0,5.996825,5.975862,6.008083,6.074052,6.13475,6.155172,6.123725,6.058297 1,-1,0,4.044662,3.989123,3.974296,4.012281,4.079893,4.137136,4.151381,4.11468 1,-1,0,9.925635,9.85973,9.820314,9.832815,9.889765,9.957419,9.996294,9.983998 1,-1,0,13.27913,13.209213,13.17992,13.203603,13.26619,13.330786,13.359747,13.336342 1,-1,0,9.415033,9.351911,9.333057,9.366978,9.433433,9.493272,9.511808,9.478406 1,-1,0,12.81294,12.755022,12.750613,12.796346,12.865117,12.916603,12.920955,12.875664 1,-1,0,8.877935,8.84712,8.863119,8.922016,8.988903,9.024809,9.009097,8.950774
0,1,0,5.7721,5.748943,5.779126,5.844413,5.906132,5.928676,5.899258,5.834585 1,-1,0,4.008206,3.950255,3.930428,3.96402,4.030479,4.090348,4.109404,4.07701 1,-1,0,9.995694,9.929335,9.888266,9.898753,9.954532,10.022537,10.063058,10.052742 1,-1,0,13.29774,13.227272,13.196573,13.218781,13.280702,13.345819,13.376176,13.354229 1,-1,0,9.387402,9.323179,9.302214,9.334202,9.400048,9.460934,9.481547,9.450058 1,-1,0,12.72099,12.662148,12.656199,12.700769,12.769435,12.821922,12.827795,12.783668 1,-1,0,8.707899,8.675423,8.689541,8.747423,8.814739,8.852244,8.838386,8.781103
0,1,0,5.554491,5.528993,5.556936,5.621406,5.684156,5.708962,5.681767,5.617989 1,-1,0,3.994013,3.933947,3.909156,3.938084,4.002999,4.065218,4.089063,4.06121 1,-1,0,10.0742,10.007453,9.96479,9.973282,10.027858,10.096153,10.138263,10.129909 1,-1,0,13.32308,13.252099,13.220014,13.240741,13.301965,13.367571,13.399303,13.378821 1,-1,0,9.369299,9.304036,9.280971,9.310982,9.376147,9.438025,9.460707,9.431173 1,-1,0,12.63551,12.575747,12.568238,12.611605,12.68013,12.733607,12.741018,12.698093 1,-1,0,8.545014,8.510839,8.52299,8.579771,8.647477,8.686615,8.674693,8.618538
0,1,0,5.344867,5.316877,5.342356,5.405854,5.469632,5.496844,5.472085,5.409364 1,-1,0,4.002319,3.940477,3.910848,3.934915,3.997904,4.062149,4.090682,4.067536 1,-1,0,10.16097,10.093886,10.04969,10.056213,10.109558,10.178082,10.221723,10.215305 1,-1,0,13.35511,13.283658,13.250208,13.269449,13.329948,13.396007,13.429093,13.410081 1,-1,0,9.360781,9.294542,9.269394,9.297389,9.361804,9.424615,9.44935,9.421806 1,-1,0,12.55661,12.495953,12.486867,12.528992,12.597339,12.65179,12.660758,12.619073 1,-1,0,8.389698,8.353789,8.363886,8.419473,8.487526,8.528325,8.518423,8.463487
0,1,0,5.144205,5.11357,5.136341,5.198683,5.263468,5.293236,5.271142,5.209667 1,-1,0,4.032987,3.969733,3.935476,3.954568,4.01528,4.081189,4.114233,4.095885 1,-1,0,10.25577,10.188423,10.142757,10.147338,10.199432,10.268126,10.313237,10.308729 1,-1,0,13.39378,13.321899,13.287108,13.304861,13.364608,13.431085,13.465504,13.447963 1,-1,0,9.361874,9.294726,9.267519,9.293465,9.357062,9.420744,9.44751,9.421988 1,-1,0,12.48442,12.422892,12.412215,12.453059,12.521189,12.576599,12.587137,12.546729 1,-1,0,8.242378,8.204707,8.212662,8.266956,8.335306,8.377791,8.369992,8.316371
0,1,0,4.953592,4.920165,4.939963,5.000936,5.066689,5.099156,5.079978,5.019966 1,-1,0,4.085512,4.021219,3.982613,3.996707,4.054837,4.122033,4.159345,4.145804 1,-1,0,10.35841,10.290839,10.243766,10.24644,10.297264,10.366073,10.412593,10.409962 1,-1,0,13.43904,13.366765,13.33066,13.346924,13.405894,13.472754,13.50848,13.49241 1,-1,0,9.372574,9.304587,9.275351,9.299223,9.361936,9.426424,9.455193,9.431717 1,-1,0,12.41906,12.356685,12.344404,12.38393,12.451804,12.508153,12.520274,12.481179 1,-1,0,8.103492,8.064033,8.069762,8.122661,8.191249,8.235437,8.229824,8.177618
0,1,0,4.774234,4.737873,4.754416,4.813773,4.880428,4.915735,4.899736,4.841433 1,-1,0,4.159066,4.094096,4.051474,4.06063,4.115938,4.184042,4.225327,4.216529 1,-1,0,10.46863,10.400904,10.352487,10.353288,10.402831,10.471701,10.519569,10.51878 1,-1,0,13.49082,13.41819,13.380797,13.395576,13.453744,13.520953,13.557959,13.543358 1,-1,0,9.392848,9.324096,9.292867,9.314644,9.376411,9.441638,9.472377,9.450963 1,-1,0,12.36064,12.297443,12.283548,12.32172,12.389296,12.446563,12.460276,12.42253 1,-1,0,7.973477,7.932216,7.935634,7.987031,8.055793,8.101696,8.098348,8.047662
0,1,0,4.607445,4.568026,4.581016,4.638477,4.705933,4.744207,4.731665,4.67535 1,-1,0,4.252558,4.187247,4.140976,4.145331,4.19764,4.266294,4.311221,4.307033 1,-1,0,10.58621,10.518375,10.468678,10.467647,10.515899,10.58478,10.633935,10.63495 1,-1,0,13.54905,13.476099,13.437446,13.450743,13.508089,13.575611,13.613872,13.600734 1,-1,0,9.422635,9.353191,9.320011,9.339681,9.400442,9.466339,9.499008,9.479669 1,-1,0,12.30926,12.245265,12.22975,12.266533,12.33377,12.391933,12.407245,12.37088 1,-1,0,7.852777,7.809704,7.810732,7.860516,7.929378,7.977,7.975994,7.926934
0,1,0,4.454637,4.412061,4.421193,4.47644,4.544562,4.585908,4.577105,4.523087 1,-1,0,4.364708,4.299356,4.249814,4.249567,4.298769,4.367644,4.415864,4.416102 1,-1,0,10.71091,10.643009,10.592094,10.589272,10.636229,10.705075,10.755454,10.758233 1,-1,0,13.61365,13.540409,13.500526,13.512348,13.56885,13.636652,13.676137,13.664457 1,-1,0,9.461845,9.391784,9.356701,9.374257,9.433957,9.500454,9.535009,9.517749 1,-1,0,12.265,12.200243,12.183104,12.218465,12.285321,12.344353,12.361269,12.326317 1,-1,0,7.741827,7.69694,7.695503,7.743563,7.812443,7.86178,7.863187,7.815862
0,1,1,4.211419,4.167118,4.174087,4.228048,4.296446,4.339427,4.332723,4.280082 1,-1,1,4.337476,4.265354,4.216284,4.211505,4.257452,4.326253,4.377504,4.382102 1,-1,1,10.682964,10.6135,10.562153,10.557515,10.603128,10.671891,10.723477,10.728044 1,-1,1,13.520146,13.4573,13.411007,13.421485,13.477201,13.545228,13.585808,13.575456 1,-1,1,9.350077,9.286151,9.246129,9.261834,9.320565,9.387529,9.423692,9.408258 1,-1,1,12.082239,12.02744,12.003851,12.038153,12.104705,12.164353,12.182444,12.148549 1,-1,1,7.52575,7.469476,7.471631,7.518583,7.587432,7.637808,7.64073,7.594533
0,1,1,3.926998,3.881488,3.886936,3.939984,4.008534,4.052617,4.047393,3.995771 1,-1,1,4.256718,4.18519,4.133159,4.123657,4.165991,4.234411,4.288604,4.297742 1,-1,1,10.592912,10.52375,10.471062,10.46456,10.508759,10.577388,10.630177,10.636579 1,-1,1,13.368897,13.30589,13.258513,13.267673,13.322598,13.39082,13.432456,13.423408 1,-1,1,9.18121,9.116944,9.075328,9.089227,9.14698,9.214347,9.252042,9.238388 1,-1,1,11.84811,11.79272,11.768163,11.801532,11.867803,11.927972,11.947083,11.914121 1,-1,1,7.256364,7.199324,7.200221,7.246297,7.315098,7.366263,7.370366,7.325071
0,1,1,3.645076,3.598198,3.601879,3.653841,3.722532,3.767863,3.764344,3.713928 1,-1,1,4.195903,4.125335,4.070499,4.056145,4.094517,4.162212,4.219207,4.233008 1,-1,1,10.510655,10.44184,10.38784,10.379446,10.422175,10.490616,10.54459,10.552853 1,-1,1,13.222725,13.15957,13.11111,13.118918,13.173015,13.24141,13.284109,13.276398 1,-1,1,9.019162,8.954595,8.911355,8.923371,8.980064,9.0478,9.087057,9.075258 1,-1,1,11.61701,11.56102,11.535462,11.567852,11.633812,11.69451,11.714676,11.682693 1,-1,1,6.989473,6.931627,6.931168,6.976284,7.045012,7.09701,7.102383,7.058072
0,1,1,3.36628,3.317847,3.319458,3.370109,3.438915,3.485666,3.484133,3.435163 1,-1,1,4.155906,4.086681,4.029257,4.009998,4.044089,4.11069,4.170287,4.18881 1,-1,1,10.436376,10.36798,10.312676,10.302368,10.34357,10.411768,10.466904,10.477051 1,-1,1,13.081801,13.01853,12.968973,12.975395,13.028622,13.097168,13.140938,13.134597 1,-1,1,8.864309,8.79948,8.754595,8.764647,8.820197,8.888261,8.929105,8.919237 1,-1,1,11.389124,11.33253,11.305932,11.337294,11.402914,11.464144,11.485403,11.454447 1,-1,1,6.725373,6.666682,6.664758,6.70882,6.777443,6.83032,6.837059,6.793829
0,1,1,3.091457,3.041249,3.040405,3.089452,3.158328,3.206704,3.207503,3.160289 1,-1,1,4.137331,4.069831,4.010096,3.985957,4.0155,4.08063,4.142569,4.165801 1,-1,1,10.370246,10.30232,10.245749,10.233507,10.273127,10.341026,10.397297,10.409346 1,-1,1,12.946295,12.88292,12.832276,12.83728,12.889596,12.958267,13.003112,12.998173 1,-1,1,8.717032,8.65199,8.60544,8.613451,8.667767,8.736113,8.778566,8.770706 1,-1,1,11.164648,11.10744,11.079771,11.110053,11.175298,11.237065,11.259455,11.229576 1,-1,1,6.464406,6.404829,6.40132,6.444221,6.512701,6.566506,6.574718,6.532674
0,1,1,2.821767,2.769526,2.765742,2.812792,2.881655,2.931899,2.935468,2.890416 1,-1,1,4.140466,4.075058,4.01333,3.984422,4.009217,4.072507,4.13648,4.164332 1,-1,1,10.312424,10.24503,10.18722,10.173031,10.211016,10.278555,10.335932,10.349897 1,-1,1,12.816381,12.75293,12.701196,12.704748,12.756111,12.82488,12.870805,12.867298 1,-1,1,8.577723,8.512521,8.464295,8.470185,8.523174,8.59175,8.635828,8.630051 1,-1,1,10.943792,10.88597,10.857188,10.886336,10.951171,11.013476,11.037037,11.008289 1,-1,1,6.206968,6.146464,6.141239,6.182856,6.251145,6.305928,6.315731,6.274994
0,1,1,2.558835,2.504267,2.496917,2.541432,2.61014,2.662538,2.669433,2.627087 1,-1,1,4.165263,4.102276,4.038907,4.00542,4.025346,4.086451,4.152114,4.184428 1,-1,1,10.263048,10.19625,10.137234,10.12109,10.157389,10.224509,10.282956,10.298847 1,-1,1,12.692229,12.62874,12.575907,12.577977,12.628344,12.697181,12.744187,12.742144 1,-1,1,8.446775,8.381474,8.331564,8.335258,8.386823,8.45557,8.501285,8.497663 1,-1,1,10.72678,10.66833,10.63841,10.666365,10.73075,10.793595,10.818366,10.790804 1,-1,1,5.953517,5.892047,5.884957,5.925153,5.993192,6.049004,6.060528,6.021236
0,1,1,2.304973,2.247763,2.236036,2.27727,2.345576,2.400456,2.411383,2.372482 1,-1,1,4.211338,4.151052,4.086407,4.0486,4.063619,4.122239,4.189229,4.225778 1,-1,1,10.222242,10.15609,10.095919,10.077814,10.112381,10.179021,10.238501,10.256322 1,-1,1,12.57401,12.5105,12.456584,12.457141,12.506468,12.575344,12.62343,12.62288 1,-1,1,8.324583,8.259249,8.207657,8.209081,8.259123,8.327974,8.37533,8.373934 1,-1,1,10.513849,10.45477,10.423674,10.450377,10.514269,10.577652,10.603673,10.577357 1,-1,1,5.704583,5.64211,5.632994,5.67161,5.739329,5.79622,5.809607,5.771915
0,1,2,0.594663,0.547629,1.955105,0.61597,0.682704,0.72098,0.713531,0.663544 1,-1,2,3.754568,3.718019,3.992891,3.592396,3.577435,3.615406,3.683027,3.740256 1,-1,2,9.08646,9.023208,9.921895,8.932223,8.958427,9.022134,9.085707,9.112221 1,-1,2,11.104694,11.036007,12.23371,10.979145,11.024695,11.093453,11.145095,11.149732 1,-1,2,6.866208,6.797758,7.981691,6.737054,6.781068,6.849685,6.902602,6.9094 1,-1,2,8.80589,8.741484,10.15477,8.738752,8.802054,8.86602,8.893492,8.868713 1,-1,2,3.983169,3.926334,5.347502,3.955157,4.023294,4.078778,4.090054,4.050835
0,1,2,2.024272,1.966898,1.665062,1.9965,2.064848,2.119572,2.130455,2.091713 1,-1,2,4.118781,4.063985,3.851639,3.954165,3.964729,4.020877,4.088755,4.128923 1,-1,2,10.048227,9.98229,9.691323,9.902033,9.93529,10.001536,10.06175,10.081002 1,-1,2,12.346402,12.277524,11.95804,12.227983,12.276676,12.345559,12.394282,12.39463 1,-1,2,8.096042,8.027162,7.705815,7.978189,8.027292,8.096171,8.144486,8.144434 1,-1,2,10.24082,10.176885,9.854776,10.176396,10.240132,10.303675,10.33008,10.304158 1,-1,2,5.424006,5.366101,5.053527,5.390734,5.458439,5.515375,5.52887,5.491302
0,1,2,1.730224,1.674177,1.379285,1.708857,1.777524,1.830409,1.838705,1.798076 1,-1,2,3.974966,3.923029,3.729218,3.809147,3.815111,3.868497,3.936993,3.980681 1,-1,2,9.817783,9.752246,9.464643,9.670079,9.702164,9.768037,9.828877,9.849386 1,-1,2,12.071191,12.002324,11.68357,11.951642,11.999865,12.068746,12.117929,12.118938 1,-1,2,7.820862,7.752,7.431808,7.701278,7.749671,7.818554,7.867569,7.86852 1,-1,2,9.940845,9.876901,9.554778,9.876396,9.940136,10.003676,10.030082,10.004174 1,-1,2,5.128922,5.071412,4.760305,5.097469,5.165323,5.221798,5.234539,5.196365
0,1,2,1.438635,1.384575,1.101101,1.426314,1.495189,1.545384,1.550107,1.506947 1,-1,2,3.849201,3.800571,3.627535,3.682904,3.683893,3.734043,3.802882,3.850147 1,-1,2,9.591186,9.526094,9.242144,9.44196,9.472802,9.538257,9.59973,9.62155 1,-1,2,11.797188,11.72834,11.41038,11.676469,11.724196,11.793068,11.842728,11.844428 1,-1,2,7.547575,7.478749,7.159886,7.426161,7.473781,7.542652,7.592407,7.594434 1,-1,2,9.640871,9.576917,9.254781,9.576397,9.64014,9.703677,9.730085,9.70419 1,-1,2,4.834443,4.777385,4.467983,4.805036,4.873044,4.928994,4.94089,4.902042
0,1,2,1.151376,1.100559,0.838106,1.152628,1.221305,1.26729,1.266818,1.220123 1,-1,2,3.743307,3.698448,3.548373,3.577424,3.573103,3.619515,3.688347,3.739177 1,-1,2,9.368717,9.30412,9.024133,9.21796,9.247484,9.312474,9.374583,9.397767 1,-1,2,11.52448,11.45566,11.13857,11.402549,11.449749,11.518605,11.56876,11.571184 1,-1,2,7.276392,7.207626,6.890296,7.153044,7.199819,7.26866,7.319197,7.322379 1,-1,2,9.340898,9.276935,8.954782,9.276398,9.340145,9.403678,9.430087,9.404207 1,-1,2,4.540686,4.484148,4.17675,4.513596,4.581763,4.637111,4.648052,4.608452
0,1,1,0.872733,0.547629,0.838106,0.895953,0.96311,1.001916,0.99339,0.941548 1,-1,1,3.659008,3.716169,3.550423,3.494588,3.484689,3.526855,3.595261,3.649556 1,-1,1,9.150675,9.02409,9.023414,8.998387,9.026515,9.090983,9.153732,9.178336 1,-1,1,11.253161,11.04137,11.133202,11.129973,11.176617,11.245447,11.296114,11.299297 1,-1,1,7.007559,6.801371,6.8867,6.882167,6.928015,6.996801,7.048166,7.052592 1,-1,1,9.040928,8.746058,8.950091,8.976399,9.040149,9.103679,9.13009,9.104226 1,-1,1,4.247803,3.921584,4.181625,4.223355,4.291683,4.346333,4.35619,4.315744
