0,1,6,11.352943,11.416816,11.480219,11.506266,11.479944,11.416425,11.35267,11.326265 1,-1,6,8.955564,9.02425,9.076598,9.082384,9.038292,8.969714,8.920239,8.910845 1,-1,6,2.610599,2.679146,2.732714,2.741371,2.700412,2.632418,2.577187,2.567554 1,-1,6,3.015481,3.013372,3.06154,3.130423,3.179642,3.181641,3.135576,3.066546 1,-1,6,5.147575,5.202913,5.271017,5.312216,5.303105,5.248823,5.177181,5.138172 1,-1,6,7.466714,7.49198,7.555324,7.619249,7.646674,7.621922,7.564077,7.494697 1,-1,6,9.771623,9.825638,9.894045,9.936865,9.929412,9.875965,9.80559,9.764044
0,1,6,11.141155,11.20453,11.268426,11.295662,11.270542,11.20754,11.1433,11.115686 1,-1,6,8.688966,8.757563,8.810597,8.817455,8.774208,8.705742,8.65556,8.645076 1,-1,6,2.35058,2.418603,2.474616,2.487354,2.449944,2.382816,2.324682,2.310956 1,-1,6,3.153589,3.145509,3.189204,3.257815,3.31091,3.318587,3.277316,3.208409 1,-1,6,5.000952,5.054119,5.122658,5.166571,5.160904,5.108848,5.036964,4.995097 1,-1,6,7.479159,7.501838,7.564055,7.628943,7.658827,7.636614,7.580112,7.509639 1,-1,6,9.629674,9.682509,9.751109,9.795362,9.789751,9.737498,9.66681,9.623967
0,1,5,10.997996,11.05832,11.124478,11.157909,11.139337,11.15409,11.013025,10.979153 1,-1,5,8.217458,8.284791,8.342729,8.357773,8.321317,8.575421,8.19572,8.180377 1,-1,5,2.152529,2.207298,2.275496,2.31764,2.310733,2.289761,2.189746,2.14509 1,-1,5,4.200997,4.184716,4.221407,4.288704,4.346778,3.568591,4.32696,4.260267 1,-1,5,5.249752,5.292339,5.360783,5.414812,5.423504,5.140683,5.313783,5.258716 1,-1,5,8.220865,8.236306,8.294921,8.361934,8.398305,7.80966,8.325168,8.257857 1,-1,5,9.827172,9.874616,9.943481,9.993406,9.99555,9.76482,9.879854,9.829352
0,1,5,10.813591,10.873183,10.939737,10.974452,10.957311,11.17292,10.831369,10.796195 1,-1,5,7.972732,8.03974,8.098454,8.114926,8.079738,8.505115,7.95372,7.936913 1,-1,5,2.021193,2.070222,2.139094,2.18749,2.18891,2.293875,2.073844,2.02273 1,-1,5,4.386595,4.366635,4.400014,4.46639,4.526403,3.861201,4.51336,4.447685 1,-1,5,5.178198,5.217711,5.285625,5.341895,5.354273,5.25949,5.248251,5.190965 1,-1,5,8.277104,8.290138,8.347428,8.414962,8.453364,8.043848,8.383929,8.316142 1,-1,5,9.724256,9.770246,9.839037,9.89029,9.894385,9.870979,9.780254,9.728422
0,1,5,10.634453,10.693258,10.76019,10.796214,10.780561,11.19977,10.655064,10.618561 1,-1,5,7.731901,7.79853,7.85804,7.87602,7.842194,8.444885,7.715796,7.697442 1,-1,5,1.927969,1.969638,2.038029,2.092551,2.103133,2.336818,1.996664,1.939449 1,-1,5,4.584328,4.561048,4.591292,4.65664,4.71828,4.154866,4.711503,4.646927 1,-1,5,5.123238,5.159473,5.226631,5.285026,5.301139,5.392388,5.199228,5.139858 1,-1,5,8.343758,8.354403,8.410315,8.478281,8.518638,8.282282,8.452934,8.384763 1,-1,5,9.62959,9.674056,9.742715,9.795279,9.801362,9.985025,9.688922,9.635778
0,1,6,10.460852,10.518813,10.586101,10.62346,10.609351,10.551889,11.01303,10.446524 1,-1,6,7.495341,7.56153,7.621853,7.641423,7.609063,7.543292,8.199145,7.462348 1,-1,6,1.878537,1.911317,1.977727,2.03775,2.057913,2.027506,2.187421,1.900391 1,-1,6,4.792692,4.766426,4.793725,4.857978,4.920976,4.946421,4.328247,4.856537 1,-1,6,5.085412,5.118185,5.184353,5.244727,5.264591,5.232734,5.311072,5.105895 1,-1,6,8.420578,8.428861,8.48335,8.551661,8.593895,8.585772,8.330718,8.463467 1,-1,6,9.543419,9.586293,9.654757,9.708612,9.716715,9.674418,9.877256,9.551662
0,1,6,10.293069,10.350124,10.417743,10.45646,10.443954,10.387414,10.83137,10.280365 1,-1,6,7.263469,7.329147,7.390296,7.411545,7.380764,7.31555,7.957128,7.232058 1,-1,6,1.876364,1.899154,1.961949,2.026347,2.05593,2.034896,2.070967,1.908274 1,-1,6,5.010363,4.981413,5.00596,5.069083,5.13321,5.161309,4.514923,5.075231 1,-1,6,5.065101,5.094259,5.159201,5.221381,5.244974,5.216659,5.245677,5.08942 1,-1,6,8.50729,8.513246,8.566275,8.634846,8.678875,8.673033,8.389608,8.551976 1,-1,6,9.465975,9.50719,9.575394,9.630514,9.640663,9.60002,9.777509,9.4763
0,1,6,10.131393,10.18748,10.2554,10.295495,10.28465,10.229096,10.65506,10.120372 1,-1,6,7.036748,7.101835,7.163821,7.18684,7.15776,7.093187,7.719182,7.007046 1,-1,6,1.921609,1.934022,1.991754,2.059062,2.097304,2.085863,1.993238,1.962532 1,-1,6,5.236179,5.204817,5.226803,5.288786,5.353847,5.384341,4.713315,5.301886 1,-1,6,5.062518,5.08794,5.151426,5.215215,5.24248,5.217811,5.196804,5.090601 1,-1,6,8.603593,8.607265,8.658805,8.727555,8.773295,8.769693,8.458735,8.649989 1,-1,6,9.397474,9.436966,9.504842,9.561195,9.573413,9.534486,9.686028,9.409904
0,1,6,9.97612,10.031171,10.09936,10.140852,10.131726,10.077224,10.48438,9.966843 1,-1,6,6.815693,6.880095,6.942922,6.967806,6.94056,6.876724,7.485697,6.787836 1,-1,6,2.011075,2.013479,2.065169,2.133868,2.17957,2.177349,1.958849,2.059504 1,-1,6,5.469133,5.435603,5.455209,5.516059,5.581892,5.614548,4.922006,5.535523 1,-1,6,5.077689,5.099293,5.161107,5.226292,5.257132,5.23618,5.164921,5.109426 1,-1,6,8.70917,8.710606,8.760636,8.829488,8.876855,8.875446,8.537848,8.757188 1,-1,6,9.338113,9.375819,9.443297,9.500848,9.515149,9.477998,9.603052,9.352664
0,1,6,9.827553,9.881501,9.94992,9.992824,9.985475,9.932092,10.3196,9.82008 1,-1,6,6.600872,6.664485,6.72815,6.754996,6.729726,6.666735,7.257103,6.575009 1,-1,6,2.13922,2.132546,2.177788,2.246563,2.29834,2.304533,1.970072,2.193531 1,-1,6,5.708349,5.672868,5.690268,5.750006,5.816473,5.851083,5.139742,5.775295 1,-1,6,5.110457,5.128201,5.188147,5.254501,5.288788,5.271584,5.150344,5.145703 1,-1,6,8.823689,8.822943,8.871448,8.940331,8.989238,8.98997,8.626675,8.873238 1,-1,6,9.288068,9.323928,9.390937,9.449644,9.46604,9.430719,9.528802,9.304748
0,1,6,9.686002,9.738773,9.807382,9.85171,9.846194,9.794002,10.161,9.680392 1,-1,6,6.392913,6.455619,6.52011,6.549017,6.525875,6.463851,7.033878,6.369204 1,-1,6,2.299588,2.285041,2.32392,2.3918,2.448307,2.461889,2.026149,2.358306 1,-1,6,5.953075,5.915834,5.931189,5.989844,6.056831,6.09321,5.365423,6.020471 1,-1,6,5.160486,5.174369,5.232276,5.29957,5.337145,5.323686,5.153221,5.199066 1,-1,6,8.946806,8.943935,8.990908,9.059756,9.110117,9.112936,8.724917,8.997799 1,-1,6,9.247488,9.281449,9.347916,9.407732,9.426226,9.392789,9.463485,9.266302
0,1,6,9.551779,9.603299,9.672051,9.71781,9.714184,9.663255,10.00888,9.54809 1,-1,6,6.19251,6.254172,6.319468,6.350534,6.329683,6.268763,6.816549,6.171125 1,-1,6,2.485949,2.464765,2.497688,2.564052,2.624128,2.644035,2.123528,2.547868 1,-1,6,6.202656,6.163826,6.177284,6.234893,6.302305,6.340286,5.598086,6.270414 1,-1,6,5.227279,5.237342,5.293066,5.361072,5.401755,5.391999,5.173522,5.268995 1,-1,6,9.07817,9.073237,9.118677,9.187428,9.23916,9.244004,8.832262,9.130521 1,-1,6,9.2165,9.248511,9.314364,9.375237,9.395828,9.364321,9.407285,9.237445
0,1,6,9.425196,9.47539,9.544235,9.591428,9.589746,9.540153,9.863548,9.423483 1,-1,6,6.000418,6.060885,6.12695,6.160271,6.141883,6.082221,6.605697,5.981539 1,-1,6,2.692913,2.666219,2.693749,2.758263,2.820973,2.846216,2.256871,2.75711 1,-1,6,6.45653,6.416261,6.427961,6.484562,6.552319,6.591756,5.836898,6.524578 1,-1,6,5.310206,5.316522,5.369953,5.438451,5.482043,5.475918,5.211043,5.354842 1,-1,6,9.21743,9.210499,9.254411,9.323009,9.376029,9.382838,8.948381,9.271054 1,-1,6,9.195201,9.225216,9.290383,9.352258,9.374936,9.345402,9.360368,9.218265
0,1,6,9.306565,9.355355,9.424238,9.472864,9.473176,9.424996,9.725298,9.306883 1,-1,6,5.817462,5.876562,5.943346,5.979012,5.963268,5.905035,6.401962,5.801279 1,-1,6,2.916097,2.884853,2.907597,2.97013,3.034753,3.064469,2.42024,2.981892 1,-1,6,6.71421,6.672636,6.682703,6.738338,6.806374,6.847136,6.081134,6.782488 1,-1,6,5.408524,5.411198,5.462255,5.53104,5.577332,5.574738,5.265416,5.455856 1,-1,6,9.364233,9.35537,9.397763,9.466158,9.520386,9.529096,9.072937,9.419048 1,-1,6,9.183657,9.211637,9.276048,9.338864,9.363614,9.336089,9.322872,9.208824
0,1,6,9.196195,9.243502,9.312362,9.362415,9.364769,9.318078,9.594439,9.198592 1,-1,6,5.644528,5.702073,5.769506,5.807602,5.794687,5.738072,6.206047,5.631239 1,-1,6,3.152057,3.117056,3.135596,3.196143,3.262141,3.295602,2.607999,3.21896 1,-1,6,6.975275,6.932512,6.941063,6.995774,7.064033,7.106005,6.330166,7.043732 1,-1,6,5.52141,5.520573,5.569207,5.63809,5.686869,5.687682,5.336127,5.57121 1,-1,6,9.51823,9.507503,9.548392,9.616538,9.671897,9.682442,9.205588,9.574157 1,-1,6,9.181906,9.207818,9.271402,9.335097,9.361896,9.336412,9.294914,9.209151
0,1,6,9.094384,9.14013,9.208905,9.26037,9.264812,9.219685,9.471277,9.098907 1,-1,6,5.482566,5.538347,5.606339,5.646937,5.637042,5.582247,6.018713,5.472374 1,-1,6,3.398133,3.360014,3.374879,3.43351,3.500487,3.537093,2.815271,3.465794 1,-1,6,7.239359,7.195512,7.202653,7.256482,7.324917,7.367994,6.58345,7.307955 1,-1,6,5.647992,5.643792,5.689984,5.758795,5.809847,5.813927,5.422535,5.700036 1,-1,6,9.679078,9.666554,9.705959,9.773816,9.830231,9.842547,9.34599,9.736042 1,-1,6,9.189953,9.213771,9.276462,9.340969,9.369789,9.346369,9.276578,9.219245
0,1,6,9.001426,9.045531,9.114152,9.167012,9.17358,9.130094,9.356117,9.008115 1,-1,6,5.332577,5.386367,5.454803,5.497959,5.491273,5.438521,5.840788,5.325683 1,-1,6,3.65228,3.611558,3.62321,3.680034,3.7477,3.786958,3.038066,3.720451 1,-1,6,7.506141,7.461303,7.467131,7.520118,7.588693,7.632782,6.840513,7.574842 1,-1,6,5.78737,5.779969,5.823724,5.892315,5.945432,5.952628,5.523906,5.841441 1,-1,6,9.84644,9.832188,9.870131,9.937662,9.995063,10.009083,9.493797,9.90437 1,-1,6,9.207773,9.229476,9.29121,9.356461,9.387267,9.365929,9.267921,9.239075
0,1,6,8.917596,8.959983,9.028378,9.082608,9.091337,9.049566,9.249258,8.926486 1,-1,6,5.195596,5.247152,5.315893,5.361642,5.35835,5.307875,5.673156,5.192198 1,-1,6,3.912926,3.870014,3.878852,3.933993,4.002136,4.043646,3.273216,3.981429 1,-1,6,7.775345,7.729599,7.734203,7.786388,7.855068,7.900088,7.100946,7.844122 1,-1,6,5.938644,5.928212,5.969556,6.037801,6.092783,6.102934,5.639431,5.994536 1,-1,6,10.019991,10.004078,10.040584,10.107759,10.166077,10.181737,9.648671,10.078818 1,-1,6,9.235308,9.254885,9.315601,9.381525,9.414278,9.395034,9.268971,9.268578
0,1,6,8.843153,8.883746,8.951841,9.00741,9.018329,8.978344,9.15099,8.854275 1,-1,6,5.072677,5.121744,5.190622,5.238976,5.239252,5.191296,5.516755,5.072963 1,-1,6,4.178855,4.134086,4.14045,4.194039,4.262503,4.305938,3.518244,4.247565 1,-1,6,8.046728,8.000147,8.003608,8.055029,8.123788,8.169664,7.36439,8.115558 1,-1,6,6.100929,6.087639,6.126617,6.194408,6.251067,6.26401,5.76826,6.158448 1,-1,6,10.199415,10.181907,10.217004,10.283795,10.342967,10.360203,9.810277,10.259074 1,-1,6,9.272473,9.289916,9.349559,9.416086,9.450739,9.433593,9.279725,9.307661
0,1,6,8.778336,8.817063,8.884779,8.941649,8.954781,8.916652,9.061592,8.791712 1,-1,6,4.964866,5.011179,5.08,5.130938,5.134939,5.089753,5.372568,4.969001 1,-1,6,4.44912,4.402763,4.406946,4.459105,4.527778,4.572868,3.771225,4.517945 1,-1,6,8.320077,8.272727,8.275118,8.325812,8.394628,8.441293,7.630534,8.388939 1,-1,6,6.273371,6.257396,6.294067,6.361317,6.419477,6.435049,5.909523,6.332339 1,-1,6,10.384407,10.36537,10.399087,10.465472,10.525436,10.544184,9.978287,10.444837 1,-1,6,9.319152,9.334463,9.392982,9.460038,9.496542,9.481493,9.300149,9.356205
0,1,6,8.723361,8.760151,8.827408,8.885535,8.900895,8.864689,8.98133,8.739006 1,-1,6,4.873165,4.916459,4.985001,5.03847,5.046329,5.004159,5.241601,4.88129 1,-1,6,4.722978,4.675253,4.677501,4.728349,4.797148,4.843672,4.030662,4.791854 1,-1,6,8.595204,8.547145,8.548534,8.598536,8.667389,8.714785,7.899106,8.664083 1,-1,6,6.455155,6.436666,6.471099,6.537738,6.597237,6.615277,6.062351,6.515408 1,-1,6,10.574676,10.554173,10.586542,10.652501,10.713201,10.733399,10.15238,10.63582 1,-1,6,9.375204,9.38839,9.445737,9.513253,9.551552,9.538592,9.330179,9.414064
0,1,6,8.678414,8.713203,8.779919,8.839253,8.856849,8.822626,8.910451,8.696335 1,-1,6,4.798497,4.838515,4.906534,4.962442,4.974262,4.935345,5.124868,4.810719 1,-1,6,4.999836,4.950924,4.95145,5.001094,5.069957,5.117732,4.295384,5.068717 1,-1,6,8.871943,8.823228,8.823677,8.87302,8.941894,8.989967,8.169864,8.940826 1,-1,6,6.645515,6.624676,6.656949,6.722921,6.783611,6.803963,6.225893,6.706905 1,-1,6,10.76994,10.748033,10.779086,10.844604,10.905985,10.927575,10.33226,10.831744 1,-1,6,9.44046,9.451535,9.50767,9.575575,9.615612,9.604726,9.369723,9.481067
0,1,6,8.643652,8.67638,8.742472,8.802957,8.82279,8.790606,8.849179,8.663849 1,-1,6,4.741668,4.778167,4.845401,4.90362,4.919463,4.88402,5.023362,4.758051 1,-1,6,5.279224,5.229274,5.22826,5.276798,5.345681,5.394553,4.564474,5.348076 1,-1,6,9.150148,9.100824,9.100391,9.149106,9.217989,9.266689,8.442599,9.219023 1,-1,6,6.843735,6.820703,6.850898,6.916164,6.977909,7.000424,6.399327,6.906127 1,-1,6,10.969934,10.946684,10.976454,11.041516,11.103529,11.126451,10.51761,11.032348 1,-1,6,9.514732,9.523716,9.578603,9.646829,9.688541,9.67971,9.418662,9.557021
0,1,6,8.619197,8.649811,8.715197,8.776771,8.798833,8.768739,8.797716,8.641661 1,-1,6,4.703324,4.736089,4.802266,4.862628,4.882516,4.85074,4.938022,4.723883 1,-1,6,5.560759,5.509897,5.507499,5.555021,5.623891,5.673732,4.837202,5.629559 1,-1,6,9.42969,9.379801,9.378537,9.426653,9.495534,9.544818,8.717127,9.498548 1,-1,6,7.049152,7.024076,7.05228,7.11681,7.179488,7.204024,6.581872,7.112427 1,-1,6,11.174403,11.149867,11.178389,11.242986,11.305582,11.329781,10.70817,11.237381 1,-1,6,9.597811,9.60473,9.658337,9.726817,9.770142,9.76334,9.476849,9.641716
0,1,6,8.605138,8.63359,8.698189,8.760786,8.785061,8.757101,8.756235,8.629851 1,-1,6,4.683919,4.71277,4.777614,4.839918,4.863826,4.835877,4.869698,4.708619 1,-1,6,5.844133,5.792462,5.788815,5.835402,5.904235,5.954936,5.112985,5.912864 1,-1,6,9.710453,9.660037,9.657991,9.705537,9.774405,9.824234,8.993281,9.779286 1,-1,6,7.261156,7.234176,7.260475,7.32425,7.387753,7.414175,6.772789,7.325206 1,-1,6,11.383107,11.357341,11.384649,11.448773,11.511908,11.537329,10.90365,11.446605 1,-1,6,9.689469,9.694353,9.746656,9.815326,9.860199,9.855396,9.544115,9.734922
0,1,6,8.601525,8.627777,8.691509,8.755057,8.781523,8.755732,8.724877,8.628462 1,-1,6,4.683689,4.708487,4.771733,4.835748,4.863604,4.8396,4.819113,4.712443 1,-1,6,6.129089,6.0767,6.071922,6.117645,6.186424,6.237892,5.391356,6.197742 1,-1,6,9.992335,9.941428,9.938645,9.985646,10.054494,10.104832,9.270918,10.061137 1,-1,6,7.479187,7.450434,7.474914,7.537925,7.602154,7.630336,6.971393,7.543917 1,-1,6,11.595818,11.568875,11.595003,11.658648,11.722282,11.748872,11.10379,11.659794 1,-1,6,9.789467,9.792352,9.843331,9.912128,9.958482,9.955645,9.620271,9.836399
0,1,6,8.608372,8.632392,8.695181,8.759605,8.78823,8.764637,8.703754,8.637498 1,-1,6,4.702636,4.723295,4.784692,4.850167,4.881853,4.861868,4.786831,4.735309 1,-1,6,6.415417,6.362385,6.356578,6.401503,6.470215,6.522371,5.671932,6.483982 1,-1,6,10.275242,10.223877,10.220396,10.266878,10.3357,10.386513,9.549908,10.344009 1,-1,6,7.702732,7.672329,7.695075,7.757317,7.822186,7.852009,7.177044,7.768057 1,-1,6,11.812317,11.784249,11.809231,11.872394,11.936487,11.964198,11.30836,11.876735 1,-1,6,9.89755,9.898475,9.948115,10.016983,10.064751,10.063841,9.705106,9.945892
0,1,6,8.625655,8.647419,8.709192,8.774414,8.805159,8.783785,8.692938,8.656928 1,-1,6,4.74053,4.757013,4.816339,4.883009,4.918366,4.902426,4.773221,4.776942 1,-1,6,6.702941,6.649331,6.642584,6.68677,6.755407,6.808182,5.954403,6.771414 1,-1,6,10.559093,10.507298,10.503158,10.549144,10.617935,10.669193,9.830135,10.627819 1,-1,6,7.931326,7.899385,7.920481,7.981956,8.047387,8.078742,7.389155,7.99717 1,-1,6,12.032401,12.003257,12.027126,12.089805,12.154323,12.183105,11.5171,12.097225 1,-1,6,10.013458,10.012466,10.060758,10.12964,10.178755,10.179731,9.798395,10.06314
0,1,6,8.653309,8.672803,8.733491,8.799432,8.832251,8.81311,8.692469,8.686681 1,-1,6,4.796922,4.809244,4.866309,4.933907,4.972743,4.960827,4.778446,4.836858 1,-1,6,6.991514,6.937381,6.929774,6.973274,7.04183,7.095165,6.23851,7.059892 1,-1,6,10.843813,10.791616,10.786852,10.832364,10.901119,10.952794,10.1115,10.912496 1,-1,6,8.164543,8.131171,8.150697,8.211412,8.277335,8.31012,7.607184,8.230842 1,-1,6,12.255877,12.225704,12.248494,12.310688,12.375598,12.405405,11.7298,12.321075 1,-1,6,10.136922,10.134058,10.180996,10.249842,10.300237,10.303055,9.8999,10.187876
0,1,6,8.691237,8.708454,8.767993,8.834572,8.869414,8.85251,8.702348,8.726652 1,-1,6,4.871171,4.879394,4.934046,5.002309,5.044404,5.03645,4.802441,4.91439 1,-1,6,7.28101,7.226404,7.218006,7.260868,7.329339,7.383183,6.524041,7.349293 1,-1,6,11.129336,11.076761,11.071406,11.116463,11.185179,11.237247,10.3939,11.197973 1,-1,6,8.402,8.367294,8.385327,8.445291,8.511646,8.545766,7.830638,8.468694 1,-1,6,12.482562,12.451406,12.473149,12.53486,12.600129,12.630919,11.94625,12.548104 1,-1,6,10.267669,10.262981,10.308566,10.377327,10.428937,10.43355,10.00937,10.319828
0,1,6,8.739305,8.754246,8.812579,8.879713,8.916521,8.901852,8.72254,8.776701 1,-1,6,4.962474,4.966703,5.018829,5.087509,5.132626,5.128534,4.844929,5.008718 1,-1,6,7.571324,7.516287,7.50716,7.549428,7.617811,7.67212,6.810815,7.639511 1,-1,6,11.415602,11.362671,11.356754,11.401378,11.470051,11.522489,10.67727,11.48419 1,-1,6,8.643347,8.607396,8.62401,8.683237,8.749969,8.785337,8.059066,8.710385 1,-1,6,12.712285,12.680188,12.700917,12.762146,12.827747,12.859476,12.16625,12.778143 1,-1,6,10.405425,10.398964,10.443197,10.51183,10.56459,10.570951,10.12655,10.458722
0,1,6,8.797345,8.810022,8.867096,8.934706,8.973416,8.96097,8.752974,8.836657 1,-1,6,5.06991,5.070286,5.119813,5.188681,5.236573,5.236209,4.905429,5.118914 1,-1,6,7.862365,7.806935,7.797133,7.838847,7.907142,7.961875,7.098683,7.930457 1,-1,6,11.702556,11.649289,11.642839,11.687047,11.755676,11.808462,10.96151,11.771094 1,-1,6,8.888267,8.851153,8.866419,8.924923,8.991985,9.02852,8.292055,8.955604 1,-1,6,12.944885,12.911887,12.931633,12.992383,13.05829,13.090919,12.3896,13.011032 1,-1,6,10.549915,10.541731,10.584621,10.653085,10.706933,10.714991,10.25117,10.604287
0,1,6,8.865163,8.875592,8.931362,8.999368,9.039913,9.029674,8.793542,8.90632 1,-1,6,5.192478,5.189167,5.23606,5.304909,5.355327,5.358536,4.983285,5.243977 1,-1,6,8.154055,8.098264,8.087837,8.129032,8.197238,8.252361,7.387516,8.222054 1,-1,6,11.990147,11.936565,11.929607,11.973417,12.041999,12.095114,11.24658,12.058634 1,-1,6,9.136472,9.098272,9.112257,9.170055,9.237404,9.27503,8.529233,9.204067 1,-1,6,13.180207,13.146348,13.165142,13.225417,13.291605,13.325095,12.61614,13.246621 1,-1,6,10.700866,10.691012,10.732569,10.800828,10.855701,10.865406,10.38296,10.75625
0,1,6,8.942537,8.950743,9.005169,9.073493,9.115803,9.107746,8.844107,8.985463 1,-1,6,5.329134,5.322322,5.366579,5.435229,5.48793,5.494536,5.077699,5.382873 1,-1,6,8.446328,8.390205,8.379198,8.419907,8.488024,8.543505,7.677206,8.514235 1,-1,6,12.278333,12.224452,12.217011,12.260439,12.328973,12.382399,11.53241,12.346768 1,-1,6,9.387703,9.348487,9.361253,9.418363,9.485962,9.524611,8.770261,9.455521 1,-1,6,13.418111,13.383427,13.401298,13.461104,13.52755,13.561865,12.84568,13.484769 1,-1,6,10.85801,10.846539,10.886776,10.954795,11.010635,11.021936,10.52166,10.914345
0,1,6,9.02922,9.035234,9.088284,9.156852,9.200854,9.194948,8.904497,9.07384 1,-1,6,5.478824,5.468708,5.510355,5.578654,5.633402,5.643222,5.187767,5.534559 1,-1,6,8.739125,8.682695,8.671147,8.7114,8.779431,8.835242,7.967659,8.806941 1,-1,6,12.567072,12.512909,12.505007,12.548069,12.616553,12.670273,11.81894,12.635454 1,-1,6,9.641722,9.601556,9.613163,9.669603,9.737418,9.777026,9.014828,9.709732 1,-1,6,13.65846,13.622987,13.639965,13.699305,13.765989,13.801095,13.07808,13.725342 1,-1,6,11.021081,11.008045,11.046978,11.114728,11.171478,11.184323,10.667,11.07831
0,1,6,9.124946,9.128807,9.180455,9.249194,9.294813,9.291022,8.974514,9.171183 1,-1,6,5.64051,5.627293,5.666379,5.734199,5.790773,5.803618,5.312515,5.698015 1,-1,6,9.032394,8.975681,8.963629,9.003452,9.071397,9.127515,8.258794,9.100123 1,-1,6,12.856327,12.801896,12.793555,12.836264,12.904699,12.958698,12.10612,12.924656 1,-1,6,9.898315,9.857258,9.867763,9.923551,9.991554,10.032062,9.262653,9.96649 1,-1,6,13.901129,13.864899,13.881011,13.939893,14.006794,14.042658,13.31319,13.968215 1,-1,6,11.18982,11.175273,11.21292,11.280374,11.337979,11.352318,10.8187,11.247888
0,1,6,11.083953,11.146644,11.211152,11.239927,11.216384,11.154086,9.053935,11.060079 1,-1,6,8.55046,8.618852,8.6731,8.681879,8.640163,8.57194,5.450937,8.5081 1,-1,6,2.239858,2.306263,2.366276,2.386198,2.355296,2.290312,8.550542,2.206907 1,-1,6,3.403697,3.392894,3.434363,3.502665,3.557472,3.567777,12.3939,3.460072 1,-1,6,5.029038,5.079694,5.148507,5.195231,5.193273,5.143735,9.513485,5.027015 1,-1,6,7.645464,7.666182,7.727485,7.793032,7.824728,7.804431,13.55085,7.67777 1,-1,6,9.65554,9.707074,9.775825,9.821569,9.817918,9.766969,10.97651,9.651826
0,1,6,11.09876,11.160658,11.22579,11.256224,11.234416,11.172926,9.142515,11.076641 1,-1,6,8.474553,8.542628,8.598276,8.609349,8.569509,8.501649,5.602018,8.434076 1,-1,6,2.224091,2.287499,2.351358,2.379443,2.356567,2.295068,8.842843,2.199601 1,-1,6,3.696738,3.684648,3.724993,3.793094,3.848727,3.860303,12.68226,3.753798 1,-1,6,5.141428,5.189464,5.258344,5.3077,5.30938,5.262439,9.767089,5.143163 1,-1,6,7.878435,7.89754,7.958055,8.024098,8.057255,8.038529,13.79095,7.912203 1,-1,6,9.758346,9.808534,9.877379,9.924579,9.92289,9.873284,11.14016,9.756629
0,1,6,11.121641,11.182706,11.248413,11.280478,11.260412,11.199771,9.239991,11.101288 1,-1,6,8.408675,8.476345,8.533353,8.546744,8.508854,8.441444,5.764764,8.37016 1,-1,6,2.248601,2.307913,2.374554,2.410302,2.395705,2.338621,9.135643,2.232947 1,-1,6,3.990801,3.977617,4.016988,4.084896,4.141218,4.153883,12.97114,4.048433 1,-1,6,5.268519,5.313918,5.382675,5.434415,5.439567,5.395225,10.02326,5.273833 1,-1,6,8.115798,8.133374,8.193111,8.259586,8.294104,8.27687,14.03335,8.150925 1,-1,6,9.869199,9.918029,9.986911,10.035498,10.03573,9.987476,11.30941,9.869435
0,1,7,9.068749,9.070529,9.120782,9.189624,9.236756,9.235009,9.185381,9.116503 1,-1,7,5.657277,5.640715,5.676938,5.744082,5.802502,5.818603,5.783268,5.715707 1,-1,7,9.236997,9.179469,9.165968,9.204572,9.272258,9.329215,9.34248,9.30083 1,-1,7,13.049157,12.994064,12.984635,13.026475,13.094775,13.149446,13.158757,13.12161 1,-1,7,10.030446,9.988021,9.996814,10.051572,10.119827,10.161703,10.153052,10.10046 1,-1,7,14.010801,13.97349,13.988352,14.046559,14.113752,14.150694,14.136002,14.08476 1,-1,7,11.207822,11.191593,11.227784,11.29487,11.353393,11.369391,11.333653,11.26105
0,1,7,8.952066,8.951736,9.000531,9.069413,9.118035,9.118358,9.070198,9.001325 1,-1,7,5.622068,5.601996,5.63508,5.70133,5.761556,5.781074,5.748831,5.682086 1,-1,7,9.409106,9.350595,9.335296,9.372359,9.43968,9.497643,9.51268,9.472641 1,-1,7,13.204842,13.14895,13.138178,13.178931,13.247042,13.302522,13.313161,13.27716 1,-1,7,10.115609,10.071647,10.078473,10.132009,10.200501,10.243911,10.237195,10.18593 1,-1,7,14.068125,14.029605,14.043049,14.100469,14.167964,14.206109,14.19282,14.14234 1,-1,7,11.166367,11.148365,11.182988,11.249638,11.309095,11.326842,11.292659,11.22051
0,1,7,8.844033,8.84154,8.888792,8.957651,9.007754,9.0102,8.963589,8.894775 1,-1,7,5.602732,5.57917,5.608985,5.674146,5.736037,5.758958,5.729923,5.664178 1,-1,7,9.587517,9.528097,9.511077,9.546629,9.613552,9.672447,9.689184,9.650721 1,-1,7,13.365451,13.308799,13.296721,13.336396,13.404298,13.460548,13.472479,13.4376 1,-1,7,10.208886,10.163449,10.168336,10.220628,10.289298,10.334183,10.329373,10.27944 1,-1,7,14.131592,14.091891,14.103921,14.160536,14.228303,14.267624,14.255732,14.20603 1,-1,7,11.132852,11.113078,11.146098,11.212262,11.272618,11.292113,11.259521,11.18787
0,1,7,8.744961,8.740256,8.78588,8.854646,8.906216,8.910834,8.865853,8.797174 1,-1,7,5.599425,5.572424,5.598866,5.662748,5.726143,5.752423,5.726689,5.66213 1,-1,7,9.771881,9.711624,9.692956,9.727031,9.793529,9.853285,9.87165,9.834729 1,-1,7,13.530806,13.473432,13.460083,13.498693,13.566365,13.623347,13.636536,13.60277 1,-1,7,10.310051,10.263201,10.266182,10.317211,10.386004,10.432303,10.42937,10.38078 1,-1,7,14.201114,14.160259,14.170884,14.226677,14.294683,14.335155,14.324651,14.27574 1,-1,7,11.107342,11.0858,11.117184,11.182812,11.244029,11.265268,11.234298,11.16319
0,1,7,8.655159,8.648198,8.692108,8.760708,8.813725,8.820556,8.777288,8.708816 1,-1,7,5.612176,5.581817,5.60481,5.667229,5.731954,5.761523,5.739157,5.67596 1,-1,7,9.96187,9.90084,9.880598,9.91323,9.97928,10.039833,10.059754,10.02434 1,-1,7,13.700735,13.642676,13.628092,13.665648,13.733073,13.790751,13.805163,13.77249 1,-1,7,10.418874,10.370675,10.371784,10.421538,10.490401,10.538052,10.536961,10.48972 1,-1,7,14.276602,14.234623,14.243853,14.298807,14.367023,14.408616,14.399492,14.35139 1,-1,7,11.089891,11.06659,11.096308,11.161351,11.223389,11.246365,11.217045,11.14654
0,1,7,8.574908,8.565653,8.607767,8.676122,8.730559,8.73964,8.698164,8.629987 1,-1,7,5.640869,5.607261,5.626758,5.687546,5.753417,5.786177,5.767218,5.705552 1,-1,7,10.157166,10.095426,10.07368,10.104906,10.170488,10.231775,10.253186,10.21924 1,-1,7,13.875068,13.81636,13.800576,13.837092,13.904255,13.962593,13.978194,13.9466 1,-1,7,10.535115,10.48563,10.484906,10.533374,10.602257,10.651201,10.651913,10.60604 1,-1,7,14.357958,14.314884,14.322729,14.376832,14.445227,14.487913,14.480158,14.43287 1,-1,7,11.080531,11.055484,11.083509,11.147917,11.210735,11.235436,11.207791,11.13795
0,1,7,8.504498,8.492918,8.533154,8.601183,8.657004,8.668365,8.628759,8.560951 1,-1,7,5.685276,5.648553,5.664539,5.723544,5.790371,5.826201,5.810659,5.750663 1,-1,7,10.357471,10.295078,10.271896,10.301754,10.366854,10.428817,10.451651,10.41913 1,-1,7,14.053645,13.994322,13.977373,14.012864,14.07975,14.138715,14.15547,14.12494 1,-1,7,10.658538,10.607829,10.605314,10.652492,10.721347,10.771522,10.773999,10.72948 1,-1,7,14.445093,14.400953,14.407426,14.460666,14.52921,14.572961,14.566561,14.5201 1,-1,7,11.079297,11.052519,11.078829,11.142554,11.206108,11.232519,11.20657,11.13744
0,1,0,8.309994,8.296785,8.335677,8.403431,8.460184,8.473138,8.434879,8.36738 1,-1,0,5.58457,5.547178,5.560023,5.617324,5.684844,5.723303,5.710826,5.654472 1,-1,0,10.40985,10.349674,10.324766,10.352951,10.417427,10.480167,10.504707,10.47693 1,-1,0,14.08614,14.02147,14.003191,14.037496,14.104041,14.1637,14.181772,14.147817 1,-1,0,10.63076,10.576641,10.572312,10.618155,10.686936,10.73832,10.742582,10.697273 1,-1,0,14.3839,14.332415,14.337588,14.389992,14.458652,14.503393,14.498279,14.446268 1,-1,0,10.92992,10.907526,10.932438,10.99558,11.059693,11.087469,11.062906,11.00015
0,1,0,8.062388,8.047791,8.08552,8.153011,8.210532,8.22484,8.187754,8.120551 1,-1,0,5.429984,5.390129,5.399812,5.455297,5.523366,5.564362,5.554966,5.500486 1,-1,0,10.4092,10.348143,10.321381,10.34773,10.41148,10.47501,10.50138,10.475417 1,-1,0,14.05364,13.988207,13.968518,14.001544,14.067697,14.128068,14.147536,14.114851 1,-1,0,10.53966,10.484257,10.478068,10.522507,10.591162,10.643752,10.649844,10.605939 1,-1,0,14.25271,14.200297,14.204174,14.255729,14.324481,14.370189,14.366357,14.3152 1,-1,0,10.72678,10.703103,10.726711,10.789287,10.85389,10.882918,10.85965,10.797481
0,1,0,7.818454,7.802387,7.838861,7.906044,7.964355,7.980096,7.94427,7.877414 1,-1,0,5.287914,5.24555,5.251865,5.305299,5.373797,5.417385,5.411263,5.358885 1,-1,0,10.4172,10.355306,10.326714,10.351206,10.414174,10.478443,10.506622,10.482493 1,-1,0,14.02748,13.961312,13.940215,13.971942,14.037671,14.098732,14.119592,14.088198 1,-1,0,10.45638,10.399709,10.391632,10.43461,10.503087,10.556864,10.564814,10.522369 1,-1,0,14.12668,14.073334,14.075889,14.126562,14.195382,14.24206,14.239534,14.189266 1,-1,0,10.52827,10.503272,10.525514,10.587476,10.65256,10.682876,10.660962,10.599429
0,1,0,7.578545,7.560922,7.596043,7.662862,7.721986,7.739242,7.704774,7.638321 1,-1,0,5.159393,5.114498,5.117246,5.168378,5.237157,5.28337,5.280709,5.230674 1,-1,0,10.43382,10.371146,10.340751,10.363368,10.425504,10.490457,10.520419,10.498141 1,-1,0,14.00769,13.940823,13.918323,13.948731,14.014005,14.07573,14.097979,14.067893 1,-1,0,10.38109,10.32319,10.313202,10.354662,10.422905,10.477849,10.487679,10.446748 1,-1,0,14.00594,13.951668,13.952877,14.002631,14.071496,14.119143,14.117948,14.068602 1,-1,0,10.33465,10.308299,10.329112,10.390408,10.455963,10.487601,10.467103,10.406258
0,1,0,7.343055,7.323786,7.357444,7.42384,7.483795,7.502653,7.469649,7.403665 1,-1,0,5.045457,4.998039,4.997032,5.045599,5.114482,5.163326,5.164301,5.11686 1,-1,0,10.45902,10.395622,10.363458,10.384186,10.445442,10.511024,10.542739,10.522322 1,-1,0,13.99432,13.926767,13.902872,13.931943,13.99673,14.059094,14.082724,14.053965 1,-1,0,10.31399,10.254879,10.242962,10.282847,10.3508,10.406885,10.418615,10.379251 1,-1,0,13.89063,13.835438,13.835277,13.884078,13.95296,14.001576,14.001735,13.953346 1,-1,0,10.14622,10.118465,10.137785,10.198359,10.264369,10.297364,10.278344,10.218244
0,1,0,7.112424,7.091414,7.123489,7.18939,7.250193,7.270745,7.239322,7.17388 1,-1,0,4.947115,4.897213,4.892284,4.938016,5.0068,5.058247,5.063015,5.018422 1,-1,0,10.49274,10.428675,10.394776,10.413609,10.473938,10.540093,10.573526,10.554979 1,-1,0,13.98736,13.919164,13.893882,13.921601,13.98587,14.048845,14.073849,14.046431 1,-1,0,10.25523,10.194942,10.181079,10.219339,10.286942,10.344138,10.357782,10.320036 1,-1,0,13.78088,13.724782,13.723229,13.77104,13.839914,13.889495,13.891029,13.843633 1,-1,0,9.963252,9.934064,9.951824,10.011616,10.078065,10.11245,10.094973,10.035677
0,1,0,6.887139,6.864288,6.894652,6.959976,7.02164,7.043981,7.014264,6.94945 1,-1,0,4.865311,4.813003,4.804015,4.846642,4.915095,4.969084,4.977774,4.93628 1,-1,0,10.5349,10.470223,10.43463,10.451564,10.510923,10.577594,10.612708,10.596031 1,-1,0,13.98684,13.918026,13.891367,13.917719,13.98144,14.044999,14.071366,14.045303 1,-1,0,10.20496,10.143527,10.127709,10.164291,10.231486,10.289758,10.305327,10.269248 1,-1,0,13.67684,13.619836,13.61687,13.663655,13.732492,13.783033,13.785964,13.739595 1,-1,0,9.786063,9.755405,9.771536,9.830483,9.897349,9.933155,9.917287,9.85886
0,1,0,6.667744,6.642948,6.671457,6.736111,6.798643,6.822873,6.794999,6.730911 1,-1,0,4.800891,4.746293,4.733147,4.772407,4.840277,4.896706,4.909415,4.871259 1,-1,0,10.5854,10.520165,10.48292,10.497958,10.556307,10.623438,10.660192,10.645383 1,-1,0,13.99275,13.923352,13.89533,13.920303,13.983447,14.047559,14.075279,14.050581 1,-1,0,10.16329,10.100765,10.082986,10.117843,10.184568,10.243879,10.261379,10.227011 1,-1,0,13.57863,13.520734,13.516333,13.562058,13.630827,13.682322,13.68667,13.641363 1,-1,0,9.614972,9.582809,9.597241,9.655274,9.722532,9.75979,9.745599,9.688107
0,1,0,6.454837,6.42799,6.454491,6.518369,6.581767,6.60799,6.582107,6.518854 1,-1,0,4.754562,4.69783,4.68047,4.716122,4.783137,4.841866,4.858649,4.824051 1,-1,0,10.64412,10.578382,10.539532,10.55268,10.609983,10.677517,10.715867,10.702919 1,-1,0,14.00508,13.935137,13.905765,13.929349,13.991887,14.056524,14.085581,14.062259 1,-1,0,10.13034,10.066765,10.047026,10.080114,10.146307,10.206615,10.226046,10.193432 1,-1,0,13.48638,13.427604,13.42175,13.466378,13.53505,13.58749,13.593272,13.549062 1,-1,0,9.450309,9.41661,9.429271,9.48632,9.553939,9.592676,9.580231,9.523745
0,1,0,6.249083,6.220077,6.244403,6.307382,6.371639,6.399959,6.376225,6.313934 1,-1,0,4.726855,4.66818,4.646602,4.678433,4.744314,4.805164,4.826033,4.795182 1,-1,0,10.71092,10.644739,10.604332,10.615601,10.671825,10.739707,10.779607,10.768509 1,-1,0,14.02383,13.953363,13.922659,13.944845,14.00675,14.071879,14.102259,14.080321 1,-1,0,10.10619,10.041616,10.019923,10.0512,10.116801,10.178061,10.199418,10.168597 1,-1,0,13.40022,13.340572,13.333248,13.376744,13.445285,13.498659,13.505894,13.462815 1,-1,0,9.292416,9.257151,9.26797,9.323958,9.391904,9.432146,9.421515,9.36611
0,1,0,6.051211,6.019938,6.041911,6.10385,6.168945,6.199467,6.178055,6.116866 1,-1,0,4.7181,4.657704,4.631958,4.659793,4.72426,4.787017,4.811934,4.784984 1,-1,0,10.78565,10.719085,10.677171,10.686577,10.741693,10.809868,10.851269,10.842006 1,-1,0,14.04896,13.978006,13.945987,13.966769,14.028013,14.093606,14.12529,14.104742 1,-1,0,10.09091,10.025386,10.001748,10.031179,10.096127,10.15829,10.181564,10.152569 1,-1,0,13.32025,13.259757,13.250947,13.293277,13.361654,13.415951,13.424652,13.382738 1,-1,0,9.141643,9.104786,9.113692,9.168539,9.236773,9.27854,9.269792,9.215547
0,1,0,5.86202,5.828375,5.847803,5.908547,5.974446,6.007273,5.988362,5.928436 1,-1,0,4.728401,4.666531,4.636718,4.66043,4.723214,4.787637,4.816516,4.793576 1,-1,0,10.86816,10.801254,10.757885,10.765448,10.819431,10.887845,10.930698,10.92325 1,-1,0,14.08043,14.009031,13.975717,13.995091,14.055649,14.121673,14.154644,14.135489 1,-1,0,10.08453,10.018117,9.992552,10.020104,10.084339,10.147354,10.17253,10.145391 1,-1,0,13.24659,13.185274,13.174966,13.216094,13.284274,13.339478,13.349659,13.308943 1,-1,0,8.998349,8.959879,8.9668,9.020424,9.0889,9.132208,9.125413,9.072409
0,1,0,5.682375,5.64626,5.662943,5.722312,5.788966,5.824197,5.807977,5.749492 1,-1,0,4.757634,4.694551,4.660823,4.680336,4.741189,4.807016,4.839726,4.820858 1,-1,0,10.95826,10.891069,10.846299,10.852041,10.904871,10.973473,11.017726,11.01207 1,-1,0,14.11821,14.046396,14.011809,14.029772,14.08962,14.156045,14.190281,14.172521 1,-1,0,10.08708,10.019828,9.992357,10.018005,10.081469,10.145281,10.172339,10.147082 1,-1,0,13.17936,13.117231,13.105413,13.145306,13.213253,13.269348,13.281021,13.241536 1,-1,0,8.862897,8.822796,8.827662,8.879977,8.948643,8.993507,8.988731,8.937053
0,1,0,5.513212,5.474537,5.488263,5.546061,5.613398,5.651123,5.637793,5.580946 1,-1,0,4.805454,4.741426,4.703976,4.719267,4.77797,4.844929,4.881298,4.866516 1,-1,0,11.05577,10.988344,10.942227,10.946175,10.997833,11.066574,11.112174,11.108285 1,-1,0,14.16225,14.090052,14.054213,14.070766,14.12988,14.196673,14.232153,14.215789 1,-1,0,10.09854,10.030517,10.001166,10.024887,10.087523,10.152077,10.180992,10.157636 1,-1,0,13.11864,13.055729,13.042391,13.081017,13.148694,13.205663,13.218836,13.180614 1,-1,0,8.73565,8.693908,8.69665,8.747566,8.816367,8.862793,8.860102,8.809836
0,1,0,5.355523,5.314213,5.324768,5.380774,5.448702,5.489001,5.478762,5.423768 1,-1,0,4.871313,4.806602,4.765659,4.776758,4.833127,4.900946,4.940768,4.930039 1,-1,0,11.16049,11.092881,11.045472,11.047655,11.098129,11.16696,11.213854,11.211704 1,-1,0,14.21248,14.139939,14.102873,14.118016,14.176376,14.243506,14.280207,14.265236 1,-1,0,10.11889,10.050153,10.018954,10.040732,10.102487,10.167723,10.198467,10.177027 1,-1,0,13.06453,13.00086,12.985995,13.023323,13.090694,13.148516,13.163197,13.126267 1,-1,0,8.616974,8.573584,8.574138,8.623564,8.692436,8.740425,8.739881,8.691117
0,1,0,5.21035,5.166349,5.173516,5.227491,5.295892,5.338826,5.33188,5.278974 1,-1,0,4.954493,4.889348,4.845165,4.852149,4.90604,4.974456,5.0175,5.010747 1,-1,0,11.27223,11.204477,11.155831,11.156281,11.20556,11.274437,11.322573,11.322129 1,-1,0,14.26885,14.195991,14.157724,14.171461,14.229046,14.296482,14.334379,14.320798 1,-1,0,10.14806,10.078684,10.045674,10.065497,10.12632,10.19218,10.224717,10.205203 1,-1,0,13.01711,12.952708,12.936313,12.972312,13.03934,13.097992,13.114186,13.078577 1,-1,0,8.507226,8.462189,8.460494,8.508336,8.577212,8.626759,8.62842,8.581248
0,1,0,5.078766,5.032043,5.035612,5.087297,5.156025,5.201634,5.198179,5.147608 1,-1,0,5.054137,4.98879,4.941634,4.944622,4.995933,5.064696,5.110717,5.107826 1,-1,0,11.39077,11.322924,11.273096,11.271848,11.319925,11.388804,11.438128,11.439358 1,-1,0,14.33127,14.258137,14.218694,14.231031,14.287822,14.355533,14.394601,14.382404 1,-1,0,10.186,10.116036,10.081254,10.099117,10.158961,10.225384,10.259676,10.242093 1,-1,0,12.97646,12.91135,12.893421,12.928063,12.994711,13.054169,13.071878,13.037618 1,-1,0,8.406755,8.36008,8.35608,8.402245,8.47105,8.522142,8.526063,8.480573
0,1,0,4.961853,4.912409,4.91218,4.961303,5.03018,5.078478,5.078699,5.030723 1,-1,0,5.169295,5.103952,5.054094,5.053239,5.101908,5.170791,5.219535,5.220363 1,-1,0,11.51591,11.448009,11.397053,11.394143,11.441015,11.509856,11.560315,11.563184 1,-1,0,14.39968,14.326297,14.285706,14.29665,14.35263,14.420585,14.460797,14.449978 1,-1,0,10.23259,10.16211,10.125601,10.141504,10.200324,10.267249,10.303256,10.287603 1,-1,0,12.94263,12.87685,12.857388,12.890646,12.956876,13.017115,13.036338,13.003453 1,-1,0,8.3159,8.267602,8.261247,8.30564,8.374294,8.426911,8.433142,8.389423
0,1,0,4.860669,4.808541,4.804334,4.850615,4.919434,4.970399,4.974465,4.929348 1,-1,0,5.298954,5.233798,5.181505,5.176984,5.222987,5.291788,5.343002,5.347382 1,-1,0,11.64743,11.579517,11.527486,11.522952,11.568619,11.637385,11.688927,11.693397 1,-1,0,14.47398,14.400385,14.358674,14.368233,14.423388,14.491557,14.532887,14.523435 1,-1,0,10.28772,10.216789,10.178601,10.192548,10.250304,10.317671,10.355347,10.341619 1,-1,0,12.91569,12.849263,12.828271,12.86012,12.925894,12.986886,13.007622,12.976135 1,-1,0,8.234977,8.185081,8.176327,8.218855,8.287274,8.341389,8.34997,8.308112
0,1,0,4.776214,4.721479,4.713146,4.756301,4.824826,4.878402,4.886453,4.844458 1,-1,0,5.442079,5.377262,5.322792,5.3148,5.358145,5.426689,5.480127,5.487878 1,-1,0,11.78513,11.717232,11.664179,11.65806,11.702524,11.77118,11.823753,11.829786 1,-1,0,14.55409,14.48031,14.437508,14.445694,14.500008,14.568361,14.610781,14.602687 1,-1,0,10.35126,10.279936,10.240119,10.252121,10.308775,10.376525,10.415821,10.404008 1,-1,0,12.89567,12.828635,12.806118,12.836534,12.901816,12.963531,12.985775,12.955709 1,-1,0,8.164282,8.11282,8.101632,8.142206,8.210301,8.265876,8.276842,8.236931
0,1,0,4.709389,4.652169,4.639598,4.679352,4.747322,4.803409,4.815552,4.776932 1,-1,0,5.597636,5.533285,5.476881,5.465623,5.506345,5.574486,5.629912,5.640843 1,-1,0,11.92878,11.860937,11.806912,11.79925,11.842516,11.911029,11.964583,11.97214 1,-1,0,14.63991,14.565977,14.522113,14.528937,14.582399,14.650907,14.694388,14.68764 1,-1,0,10.42305,10.351396,10.310003,10.320073,10.375595,10.443669,10.484533,10.474621 1,-1,0,12.8826,12.814998,12.790965,12.819928,12.88468,12.947088,12.970831,12.942206 1,-1,0,8.104082,8.051096,8.037447,8.07598,8.143658,8.200649,8.214027,8.176144
0,1,1,4.522437,4.46353,4.447894,4.485092,4.552506,4.610277,4.625363,4.589303 1,-1,1,5.611282,5.540738,5.485819,5.47109,5.508916,5.576458,5.633864,5.648169 1,-1,1,11.919476,11.85084,11.796255,11.786967,11.828947,11.897272,11.951831,11.960992 1,-1,1,14.565692,14.50236,14.452145,14.457682,14.510322,14.578953,14.623417,14.617943 1,-1,1,10.339716,10.27471,10.228443,10.236729,10.291171,10.359494,10.401773,10.393619 1,-1,1,12.723943,12.66547,12.635468,12.663279,12.727592,12.790519,12.815431,12.787951 1,-1,1,7.921754,7.858563,7.847732,7.884772,7.952097,8.010056,8.025156,7.988768
0,1,1,4.285018,4.224672,4.206269,4.241085,4.307886,4.367082,4.38481,4.351144 1,-1,1,5.569211,5.499639,5.442778,5.424414,5.459067,5.525788,5.585131,5.602968 1,-1,1,11.848277,11.78002,11.724308,11.713332,11.753951,11.822041,11.877611,11.888435 1,-1,1,14.43316,14.36975,14.318563,14.322818,14.374624,14.443352,14.488778,14.484571 1,-1,1,10.198239,10.13309,10.085406,10.091917,10.145254,10.213779,10.257429,10.251023 1,-1,1,12.51078,12.45178,12.420787,12.447544,12.51144,12.574819,12.600786,12.574355 1,-1,1,7.68087,7.616947,7.604504,7.640224,7.707209,7.765977,7.782566,7.747503
0,1,1,4.055899,3.994072,3.972611,4.004692,4.070682,4.131363,4.152003,4.121069 1,-1,1,5.54308,5.474693,5.416037,5.394044,5.425373,5.491063,5.552202,5.573571 1,-1,1,11.784287,11.71646,11.659637,11.646961,11.686178,11.753987,11.810547,11.823047 1,-1,1,14.305692,14.24223,14.190066,14.193015,14.243952,14.312755,14.359145,14.35623 1,-1,1,10.063719,9.998459,9.94936,9.954042,10.006206,10.074892,10.119923,10.115317 1,-1,1,12.30124,12.24171,12.209703,12.235361,12.298807,12.362636,12.389686,12.364348 1,-1,1,7.444283,7.379617,7.365465,7.399758,7.466343,7.525942,7.544107,7.510473
0,1,2,2.036684,1.97365,3.694814,1.981475,2.047401,2.108231,2.129912,2.100878 1,-1,2,4.436687,4.383151,5.254831,4.271427,4.279808,4.334621,4.402844,4.444757 1,-1,2,10.301553,10.236085,11.46744,10.153581,10.185429,10.25122,10.312189,10.332945 1,-1,2,12.526069,12.457229,13.96141,12.404924,12.452444,12.521311,12.571167,12.573131 1,-1,2,8.276812,8.207999,9.715473,8.154818,8.202133,8.270995,8.321037,8.323433 1,-1,2,10.297099,10.232352,11.94176,10.227644,10.290482,10.354865,10.383337,10.359515 1,-1,2,5.421047,5.360891,7.081677,5.377523,5.444293,5.503537,5.521195,5.487288
0,1,2,3.779222,3.717027,3.395687,3.726263,3.792064,3.853048,3.874354,3.844117 1,-1,2,5.385365,5.321327,5.043237,5.233297,5.261956,5.326707,5.389123,5.413218 1,-1,2,11.592647,11.525253,11.22091,11.45369,11.491905,11.559493,11.616727,11.630405 1,-1,2,14.072248,14.003388,13.68142,13.958233,14.008661,14.077496,14.124435,14.122269 1,-1,2,9.827159,9.758342,9.433539,9.715598,9.767081,9.835837,9.881637,9.878061 1,-1,2,12.029185,11.964892,11.64182,11.962446,12.025744,12.089714,12.117112,12.092134 1,-1,2,7.165357,7.104948,6.783919,7.12016,7.186679,7.246406,7.264836,7.23146
0,1,2,3.479593,3.41753,3.09673,3.427574,3.493535,3.554271,3.575145,3.544586 1,-1,2,5.173702,5.110749,4.840994,5.019026,5.045118,5.108881,5.172397,5.199018 1,-1,2,11.346387,11.279215,10.97705,11.206081,11.243439,11.310824,11.368615,11.383285 1,-1,2,13.792651,13.723778,13.40228,13.677701,13.727769,13.796621,13.843941,13.842303 1,-1,2,9.545789,9.476944,9.152754,9.432925,9.48393,9.552725,9.599052,9.596194 1,-1,2,11.729294,11.664985,11.34188,11.662476,11.725765,11.789743,11.817167,11.792225 1,-1,2,6.867123,6.806873,6.486369,6.822749,6.889369,6.948904,6.966985,6.933316
0,1,2,3.180032,3.118131,2.797995,3.129135,3.195283,3.255718,3.276081,3.245142 1,-1,2,4.97114,4.909478,4.649324,4.813923,4.837175,4.899747,4.964346,4.99366 1,-1,2,11.102772,11.035847,10.73604,10.961089,10.997544,11.0647,11.123059,11.138762 1,-1,2,13.513928,13.445048,13.12407,13.398012,13.447702,13.516568,13.564282,13.563193 1,-1,2,9.265589,9.196722,8.873226,9.151355,9.201846,9.270675,9.317555,9.31546 1,-1,2,11.429409,11.365082,11.04194,11.362507,11.425787,11.489773,11.517225,11.49232 1,-1,2,6.56905,6.508974,6.189054,6.525576,6.592302,6.651626,6.669327,6.635339
0,1,2,2.880564,2.818859,2.499563,2.831027,2.897391,2.957458,2.977205,2.945812 1,-1,2,4.778836,4.718708,4.469586,4.619208,4.639321,4.700466,4.766107,4.798281 1,-1,2,10.861979,10.79533,10.49806,10.718895,10.754395,10.821296,10.880234,10.897013 1,-1,2,13.236136,13.167253,12.84684,13.11922,13.168512,13.237389,13.285511,13.284994 1,-1,2,8.986667,8.917787,8.595079,8.870994,8.920931,8.989787,9.03725,9.035965 1,-1,2,11.129529,11.065185,10.742,11.06254,11.12581,11.189806,11.217287,11.192421 1,-1,2,6.271161,6.211277,5.892012,6.228673,6.295513,6.354603,6.371888,6.337554
0,1,2,2.581219,2.51976,2.201559,2.533365,2.599984,2.659589,2.67858,2.646633 1,-1,2,4.598078,4.539761,4.303277,4.436249,4.452903,4.512342,4.578954,4.614148 1,-1,2,10.6242,10.557858,10.26334,10.479691,10.514183,10.580799,10.640325,10.658224 1,-1,2,12.959334,12.890453,12.57066,12.841385,12.890258,12.959141,13.007684,13.007764 1,-1,2,8.709146,8.640263,8.318451,8.591959,8.641299,8.710174,8.758249,8.757826 1,-1,2,10.829657,10.765294,10.44207,10.762575,10.825834,10.88984,10.917352,10.892527 1,-1,2,5.973483,5.913814,5.595285,5.932081,5.999044,6.057874,6.074702,6.039987
0,1,1,2.282047,1.973649,2.201559,2.23633,2.30325,2.362261,2.380302,2.347664 1,-1,1,4.430278,4.380424,4.306146,4.26656,4.279415,4.33683,4.404301,4.442659 1,-1,1,10.389643,10.23652,10.263051,10.243689,10.277116,10.343412,10.403537,10.422601 1,-1,1,12.683588,12.4626,12.565283,12.56457,12.613002,12.681885,12.730864,12.731567 1,-1,1,8.433166,8.211581,8.314891,8.314385,8.36308,8.431963,8.480683,8.481179 1,-1,1,10.529792,10.23685,10.437464,10.462613,10.525861,10.589877,10.617421,10.59264 1,-1,1,5.676051,5.356469,5.599829,5.635852,5.702945,5.761485,5.777807,5.742675
0,1,2,1.763091,1.699169,1.673802,1.703503,1.768996,1.830481,1.853705,1.826448 1,-1,2,4.369074,4.318345,4.246925,4.202972,4.206954,4.25901,4.327694,4.372905 1,-1,2,10.137566,10.072595,10.01101,9.987929,10.018398,10.083718,10.145382,10.167586 1,-1,2,12.304712,12.235913,12.19032,12.181993,12.228818,12.297658,12.348161,12.351072 1,-1,2,8.057819,7.98909,7.940943,7.93342,7.979656,8.048465,8.099492,8.103344 1,-1,2,10.026925,9.962003,9.937135,9.956353,10.018987,10.083542,10.112466,10.089121 1,-1,2,5.142077,5.081715,5.0587,5.097668,5.164359,5.223766,5.241763,5.208199
0,1,2,1.46315,1.399171,1.374021,1.404431,1.470261,1.531273,1.55388,1.52645 1,-1,2,4.249838,4.202214,4.130937,4.083562,4.082987,4.131986,4.200864,4.249286 1,-1,2,9.916076,9.851582,9.789504,9.765001,9.794214,9.859083,9.921345,9.944845 1,-1,2,12.034212,11.965453,11.91936,11.910309,11.956602,12.025411,12.076398,12.08003 1,-1,2,7.790043,7.721403,7.67249,7.663789,7.709165,7.777913,7.829693,7.834687 1,-1,2,9.727361,9.662402,9.637434,9.656577,9.719178,9.78376,9.812761,9.789509 1,-1,2,4.84389,4.783757,4.761211,4.8007,4.867538,4.926649,4.944128,4.91014
0,1,2,1.163241,1.099174,1.074362,1.105863,1.172172,1.23245,1.254138,1.226452 1,-1,2,4.148909,4.104767,4.033969,3.983213,3.977827,4.023362,4.092136,4.143739 1,-1,2,9.698808,9.634842,9.572275,9.546295,9.574181,9.63855,9.701413,9.726257 1,-1,2,11.765143,11.696434,11.64983,11.640016,11.685745,11.754516,11.806003,11.810388 1,-1,2,7.524698,7.456176,7.406458,7.396497,7.440937,7.509598,7.56217,7.568386 1,-1,2,9.427824,9.362826,9.337753,9.356814,9.419381,9.483992,9.513076,9.489923 1,-1,2,4.545942,4.486071,4.464059,4.504135,4.571132,4.629904,4.646797,4.612333
0,1,2,0.863394,0.799179,0.774968,0.808354,0.87539,0.934383,0.954559,0.926457 1,-1,2,4.067649,4.027358,3.95742,3.903395,3.892997,3.934664,4.002986,4.057672 1,-1,2,9.486053,9.422669,9.359622,9.332108,9.358593,9.422408,9.48587,9.512109 1,-1,2,11.497604,11.428958,11.38182,11.371213,11.416346,11.485068,11.537072,11.542244 1,-1,2,7.262053,7.193682,7.143119,7.131807,7.175226,7.24377,7.297173,7.304697 1,-1,2,9.128318,9.063278,9.038094,9.057068,9.119597,9.184238,9.21341,9.190363 1,-1,2,4.248283,4.188716,4.167316,4.208056,4.275228,4.333606,4.349833,4.314829
