0,1,6,11.352943,11.416816,11.480219,11.506266,11.479944,11.416425,11.35267,11.326265 1,-1,6,8.955564,9.02425,9.076598,9.082384,9.038292,8.969714,8.920239,8.910845 1,-1,6,2.610599,2.679146,2.732714,2.741371,2.700412,2.632418,2.577187,2.567554 1,-1,6,3.015481,3.013372,3.06154,3.130423,3.179642,3.181641,3.135576,3.066546 1,-1,6,5.147575,5.202913,5.271017,5.312216,5.303105,5.248823,5.177181,5.138172 1,-1,6,7.466714,7.49198,7.555324,7.619249,7.646674,7.621922,7.564077,7.494697 1,-1,6,9.771623,9.825638,9.894045,9.936865,9.929412,9.875965,9.80559,9.764044
0,1,6,11.141155,11.20453,11.268426,11.295662,11.270542,11.20754,11.1433,11.115686 1,-1,6,8.688966,8.757563,8.810597,8.817455,8.774208,8.705742,8.65556,8.645076 1,-1,6,2.35058,2.418603,2.474616,2.487354,2.449944,2.382816,2.324682,2.310956 1,-1,6,3.153589,3.145509,3.189204,3.257815,3.31091,3.318587,3.277316,3.208409 1,-1,6,5.000952,5.054119,5.122658,5.166571,5.160904,5.108848,5.036964,4.995097 1,-1,6,7.479159,7.501838,7.564055,7.628943,7.658827,7.636614,7.580112,7.509639 1,-1,6,9.629674,9.682509,9.751109,9.795362,9.789751,9.737498,9.66681,9.623967
0,1,4,11.60553,11.66678,11.732367,11.76407,11.36204,11.682752,11.616885,11.584779 1,-1,4,8.891857,8.959418,9.016741,9.030663,8.802871,8.925899,8.867989,8.853811 1,-1,4,2.729144,2.789606,2.855648,2.889342,2.507334,2.813458,2.746402,2.710932 1,-1,4,4.087802,4.082707,4.128441,4.197229,3.539003,4.253558,4.209183,4.140594 1,-1,4,5.698818,5.746336,5.815206,5.865051,5.307427,5.820831,5.752028,5.701195 1,-1,4,8.399454,8.420204,8.481505,8.547055,7.879338,8.558365,8.497619,8.431685 1,-1,4,10.312498,10.362299,10.431161,10.478763,9.935576,10.428356,10.359475,10.311322
0,1,4,11.414216,11.474824,11.540816,11.573727,11.58443,11.494384,11.428124,11.394792 1,-1,4,8.644138,8.711428,8.769471,8.784685,8.957809,8.681352,8.622716,8.607215 1,-1,4,2.553081,2.61031,2.677821,2.716637,2.710959,2.650232,2.582,2.541129 1,-1,4,4.233453,4.224016,4.266383,4.334806,3.806348,4.398061,4.356974,4.288905 1,-1,4,5.598975,5.643952,5.712672,5.764776,5.580911,5.726452,5.657899,5.604802 1,-1,4,8.431893,8.450305,8.51046,8.57671,8.178621,8.592427,8.53285,8.466256 1,-1,4,10.195765,10.24427,10.313153,10.36206,10.20608,10.314785,10.245913,10.196448
0,1,4,11.227659,11.287577,11.353961,11.388107,11.81025,11.310838,11.2442,11.209615 1,-1,4,8.399829,8.466806,8.525586,8.542161,9.119987,8.440382,8.381004,8.36411 1,-1,4,2.401713,2.454697,2.523237,2.567476,2.93119,2.512353,2.443507,2.396981 1,-1,4,4.394784,4.381338,4.42041,4.488247,4.078238,4.557754,4.51987,4.452515 1,-1,4,5.513667,5.555899,5.624289,5.678596,5.856991,5.646453,5.578335,5.523042 1,-1,4,8.474835,8.490905,8.549849,8.616715,8.477955,8.636781,8.578434,8.511267 1,-1,4,10.086606,10.13375,10.202604,10.25281,10.4782,10.208769,10.139957,10.089189
0,1,6,11.0461,11.105278,11.172038,11.207444,11.191073,11.132351,11.61689,11.02949 1,-1,6,8.159236,8.225851,8.285386,8.303393,8.269566,8.203306,8.871428,8.124809 1,-1,6,2.279962,2.32752,2.396398,2.44617,2.449332,2.404184,2.744836,2.283353 1,-1,6,4.570134,4.553015,4.588902,4.655983,4.714565,4.7311,4.209631,4.629803 1,-1,6,5.443576,5.482867,5.550732,5.607163,5.61978,5.581453,5.7491,5.456572 1,-1,6,8.52812,8.541855,8.599531,8.666925,8.704747,8.691269,8.502855,8.566555 1,-1,6,9.98527,10.030987,10.099759,10.151252,10.155699,10.110547,10.35713,9.989791
0,1,6,10.86979,10.928176,10.995291,11.031981,11.017083,10.959171,11.42813,10.854669 1,-1,6,7.922697,7.988894,8.0492,8.068714,8.036276,7.970472,8.626139,7.889658 1,-1,6,2.192767,2.233644,2.301896,2.357024,2.36838,2.329868,2.579996,2.204969 1,-1,6,4.757954,4.737484,4.770328,4.836527,4.896848,4.916655,4.357748,4.819259 1,-1,6,5.389297,5.425463,5.492597,5.551044,5.567219,5.53198,5.655082,5.405956 1,-1,6,8.591555,8.602971,8.659326,8.727165,8.766905,8.755704,8.53823,8.63192 1,-1,6,9.891998,9.936222,10.004855,10.057621,10.064006,10.020346,10.24343,9.89849
0,1,6,10.698987,10.756525,10.823975,10.861971,10.8486,10.791553,11.2442,10.685412 1,-1,6,7.690587,7.756304,7.817392,7.838492,7.807543,7.742261,8.38441,7.65904 1,-1,6,2.144347,2.17738,2.243819,2.303775,2.323623,2.292699,2.441032,2.165657 1,-1,6,4.956826,4.933313,4.963268,5.0285,5.090297,5.113089,4.520944,5.019506 1,-1,6,5.351311,5.384186,5.450378,5.510708,5.530454,5.498453,5.575639,5.371643 1,-1,6,8.664919,8.674037,8.729028,8.797228,8.838814,8.829866,8.58395,8.707136 1,-1,6,9.807019,9.849687,9.918121,9.972139,9.980492,9.938386,10.13733,9.815513
0,1,6,10.533961,10.590593,10.65835,10.697675,10.685884,10.62976,11.06535,10.521987 1,-1,6,7.463319,7.528484,7.590364,7.613132,7.58378,7.519095,8.146557,7.433376 1,-1,6,2.137341,2.161666,2.225022,2.288929,2.317159,2.294483,2.332572,2.167546 1,-1,6,5.165474,5.139201,5.166433,5.230643,5.293687,5.319197,4.697649,5.229304 1,-1,6,5.329965,5.35941,5.424447,5.486504,5.509803,5.481165,5.511402,5.353945 1,-1,6,8.747961,8.754812,8.808401,8.876882,8.920237,8.913513,8.639852,8.791951 1,-1,6,9.730551,9.771599,9.839773,9.895018,9.905363,9.864872,10.03908,9.741072
0,1,6,10.374985,10.43065,10.498686,10.539356,10.529202,10.474061,10.89183,10.364669 1,-1,6,7.241347,7.305878,7.368555,7.393076,7.36544,7.301435,7.912929,7.21313 1,-1,6,2.172148,2.187377,2.246492,2.313226,2.349303,2.335131,2.259014,2.21053 1,-1,6,5.382763,5.353991,5.378665,5.441825,5.505919,5.533901,4.886396,5.447552 1,-1,6,5.32546,5.351364,5.415037,5.478644,5.505445,5.48027,5.462907,5.353028 1,-1,6,8.840409,8.84503,8.897187,8.965872,9.010918,9.006382,8.705737,8.886091 1,-1,6,9.662795,9.702162,9.770011,9.826453,9.838812,9.799994,9.948908,9.675363
0,1,6,10.222343,10.276978,10.34526,10.387293,10.37883,10.324734,10.7239,10.213744 1,-1,6,7.025177,7.088983,7.152454,7.178815,7.153021,7.089791,7.683911,6.998816 1,-1,6,2.246826,2.253094,2.307104,2.375464,2.418518,2.412679,2.223826,2.292297 1,-1,6,5.607686,5.576651,5.598932,5.661031,5.726006,5.756235,5.085847,5.673272 1,-1,6,5.337839,5.360122,5.422234,5.487199,5.51742,5.495775,5.430576,5.368901 1,-1,6,8.941971,8.944405,8.995106,9.063922,9.110578,9.108188,8.781384,8.98926 1,-1,6,9.603938,9.641565,9.709022,9.766627,9.781013,9.743925,9.867036,9.618567
0,1,6,10.076324,10.129861,10.198353,10.241761,10.235043,10.182059,10.56182,10.069495 1,-1,6,6.815357,6.878334,6.942593,6.970882,6.947064,6.884716,7.459929,6.790994 1,-1,6,2.35759,2.355473,2.403899,2.472782,2.521752,2.523729,2.228824,2.408903 1,-1,6,5.839362,5.806278,5.826324,5.887368,5.953079,5.985352,5.294791,5.905608 1,-1,6,5.366985,5.385604,5.445974,5.512093,5.545623,5.527543,5.414698,5.401415 1,-1,6,9.052339,9.052635,9.101865,9.170742,9.218929,9.218638,8.866539,9.101153 1,-1,6,9.554141,9.589973,9.656972,9.715699,9.732123,9.696816,9.793673,9.570842
0,1,6,9.937218,9.989589,10.05825,10.103043,10.098123,10.046318,10.40587,9.932216 1,-1,6,6.612496,6.674526,6.739555,6.769861,6.748163,6.686815,7.24145,6.59028 1,-1,6,2.499647,2.489994,2.532732,2.601243,2.655039,2.664094,2.273744,2.555582 1,-1,6,6.077019,6.042076,6.060037,6.120042,6.186368,6.2205,5.512149,6.143809 1,-1,6,5.412627,5.427573,5.48604,5.553106,5.589806,5.575295,5.415419,5.450273 1,-1,6,9.171197,9.169407,9.217155,9.286029,9.335665,9.337423,8.960935,9.221452 1,-1,6,9.513549,9.547534,9.614006,9.673812,9.692276,9.658801,9.729011,9.532324
0,1,6,9.80532,9.856455,9.925241,9.971424,9.968355,9.917797,10.25632,9.802199 1,-1,6,6.41725,6.478203,6.543974,6.576384,6.556958,6.496744,7.028986,6.397341 1,-1,6,2.668002,2.651771,2.689002,2.756499,2.814113,2.829414,2.356304,2.727487 1,-1,6,6.319981,6.283351,6.299369,6.35836,6.425197,6.461023,5.736964,6.38722 1,-1,6,5.474352,5.485651,5.542078,5.609885,5.649596,5.638626,5.432731,5.515039 1,-1,6,9.298218,9.294398,9.340661,9.409471,9.460478,9.464231,9.064281,9.349832 1,-1,6,9.482279,9.514369,9.580246,9.641081,9.661585,9.629985,9.673225,9.503125
0,1,6,9.680925,9.730752,9.799612,9.847188,9.84602,9.796779,10.11346,9.679736 1,-1,6,6.230337,6.290067,6.35654,6.391138,6.374143,6.315209,6.823101,6.212902 1,-1,6,2.858013,2.836143,2.868229,2.934298,2.994868,3.015587,2.472736,2.920166 1,-1,6,6.56766,6.529496,6.543704,6.601708,6.66897,6.70634,5.968394,6.635267 1,-1,6,5.551624,5.559333,5.613611,5.681956,5.724503,5.717017,5.466476,5.595162 1,-1,6,9.433072,9.427283,9.472062,9.540753,9.593052,9.598742,9.176274,9.485965 1,-1,6,9.460424,9.490576,9.55579,9.617602,9.640136,9.610453,9.62647,9.483331
0,1,6,9.564325,9.61277,9.681653,9.730618,9.731398,9.683546,9.977576,9.565118 1,-1,6,6.052529,6.110872,6.177993,6.214858,6.20046,6.142968,6.624406,6.037743 1,-1,6,3.065655,3.039,3.066388,3.130802,3.193625,3.218999,2.618527,3.129785 1,-1,6,6.819542,6.779981,6.7925,6.849553,6.917164,6.955946,6.205699,6.887449 1,-1,6,5.643805,5.648009,5.700056,5.768747,5.813943,5.80986,5.516355,5.689994 1,-1,6,9.57543,9.567731,9.611033,9.679555,9.73307,9.740638,9.296603,9.629524 1,-1,6,9.448049,9.476226,9.540709,9.603441,9.627992,9.60026,9.588877,9.473002
0,1,6,9.455808,9.502798,9.571646,9.621993,9.624765,9.578374,9.848961,9.458629 1,-1,6,5.88465,5.941429,6.009127,6.048329,6.036697,5.980823,6.433569,5.872693 1,-1,6,3.287589,3.256891,3.280052,3.342714,3.407233,3.436588,2.789075,3.353169 1,-1,6,7.075179,7.034341,7.045286,7.101422,7.169321,7.209395,6.44823,7.143328 1,-1,6,5.750177,5.750984,5.800745,5.869605,5.917258,5.916473,5.581933,5.798812 1,-1,6,9.72496,9.715415,9.757251,9.825558,9.880215,9.889601,9.424949,9.78018 1,-1,6,9.445191,9.471361,9.535047,9.598641,9.625187,9.599436,9.560554,9.472167
0,1,6,9.355656,9.401116,9.469868,9.521584,9.52639,9.481531,9.7279,9.360547 1,-1,6,5.727574,5.782593,5.850778,5.892376,5.883681,5.829616,6.251309,5.718628 1,-1,6,3.521115,3.486999,3.506387,3.56729,3.633077,3.665833,2.980134,3.587748 1,-1,6,7.334179,7.292173,7.301649,7.356903,7.425037,7.466295,6.695419,7.402522 1,-1,6,5.86997,5.867507,5.914951,5.983819,6.033734,6.036129,5.662665,5.920845 1,-1,6,9.881339,9.870011,9.910397,9.978448,10.034175,10.045318,9.560988,9.937611 1,-1,6,9.451858,9.475996,9.538822,9.603214,9.63173,9.607984,9.541583,9.48083
0,1,6,9.264141,9.307996,9.376588,9.429654,9.43653,9.393275,9.614678,9.27114 1,-1,6,5.582213,5.635264,5.703824,5.747862,5.742273,5.69022,6.078398,5.576459 1,-1,6,3.764074,3.727061,3.743094,3.802286,3.869011,3.904679,3.188017,3.831465 1,-1,6,7.596195,7.553119,7.561222,7.615631,7.683956,7.726303,6.94677,7.664693 1,-1,6,6.002378,5.996787,6.041908,6.110638,6.162625,6.168066,5.757914,6.055295 1,-1,6,10.044246,10.031198,10.070152,10.137911,10.194639,10.207478,9.704397,10.1015 1,-1,6,9.468032,9.490116,9.552022,9.617148,9.647602,9.625879,9.532022,9.498964
0,1,6,9.18152,9.223698,9.292061,9.346454,9.355432,9.31385,9.509576,9.190659 1,-1,6,5.449505,5.500366,5.569166,5.615668,5.613351,5.563523,5.915656,5.447117 1,-1,6,4.014754,3.975274,3.988327,4.045887,4.113302,4.15147,3.40965,4.082684 1,-1,6,7.860927,7.816868,7.823687,7.877287,7.945765,7.989114,7.201846,7.929546 1,-1,6,6.146588,6.138019,6.180829,6.249298,6.30317,6.311515,5.866974,6.201353 1,-1,6,10.213367,10.198665,10.236209,10.303643,10.361306,10.375779,9.854855,10.271537 1,-1,6,9.493663,9.513681,9.574609,9.640402,9.672757,9.653069,9.531898,9.526516
0,1,6,9.108035,9.148466,9.216529,9.272217,9.283324,9.243483,9.412866,9.119342 1,-1,6,5.330395,5.378833,5.447716,5.496685,5.497791,5.450411,5.763943,5.331535 1,-1,6,4.271798,4.230203,4.240608,4.296628,4.364545,4.404871,3.642522,4.340103 1,-1,6,8.128111,8.083145,8.088763,8.141589,8.210188,8.254461,7.460265,8.196822 1,-1,6,6.30179,6.290397,6.330928,6.399026,6.454607,6.46571,5.989089,6.35822 1,-1,6,10.388401,10.372106,10.408265,10.475346,10.533882,10.549928,10.01204,10.447424 1,-1,6,9.528674,9.54662,9.606515,9.672909,9.707123,9.689475,9.541211,9.563404
0,1,6,9.04391,9.082524,9.150214,9.207162,9.220418,9.182384,9.324807,9.057405 1,-1,6,5.225812,5.27159,5.340376,5.391787,5.396454,5.351744,5.624153,5.230627 1,-1,6,4.534121,4.490706,4.498751,4.553332,4.621608,4.663805,3.884614,4.602682 1,-1,6,8.397511,8.35171,8.3562,8.408287,8.47698,8.522107,7.721692,8.466291 1,-1,6,6.467191,6.453132,6.491429,6.559067,6.616189,6.629901,6.123478,6.525117 1,-1,6,10.569053,10.551227,10.586027,10.652732,10.712081,10.729639,10.17565,10.628869 1,-1,6,9.572964,9.588835,9.647649,9.714576,9.750602,9.734994,9.559935,9.60952
0,1,6,8.989344,9.026077,9.093317,9.151483,9.166903,9.130737,9.245649,9.005041 1,-1,6,5.136644,5.179525,5.24801,5.30181,5.310152,5.268334,5.497195,5.145254 1,-1,6,4.800861,4.755866,4.761803,4.815045,4.883571,4.9274,4.134306,4.869587 1,-1,6,8.668922,8.622348,8.625781,8.677161,8.745925,8.791844,7.985832,8.73775 1,-1,6,6.64203,6.625462,6.661581,6.728684,6.787191,6.803366,6.269353,6.701294 1,-1,6,10.75504,10.735745,10.769215,10.835522,10.895627,10.91464,10.34537,10.815593 1,-1,6,9.626403,9.640207,9.697894,9.765286,9.803073,9.789499,9.588012,9.664733
0,1,6,8.944513,8.979303,9.046016,9.105354,9.122944,9.088704,9.175622,8.962419 1,-1,6,5.063706,5.103459,5.171423,5.227524,5.239629,5.200917,5.383977,5.076202 1,-1,6,5.071318,5.024946,5.028993,5.080992,5.149686,5.194945,4.390301,5.140142 1,-1,6,8.942159,8.89487,8.897309,8.948014,9.016829,9.063482,8.252422,9.011019 1,-1,6,6.825582,6.806656,6.840663,6.90717,6.96692,6.985412,6.425932,6.886039 1,-1,6,10.94609,10.925385,10.957554,11.023445,11.084254,11.104663,10.52091,11.007327 1,-1,6,9.688841,9.700588,9.757107,9.824899,9.864393,9.852842,9.625362,9.728888
0,1,6,8.909563,8.942354,9.008464,9.068919,9.088681,9.056419,9.114935,8.929678 1,-1,6,5.007706,5.044117,5.111322,5.169606,5.18553,5.150119,5.285382,5.024143 1,-1,6,5.34493,5.297349,5.299696,5.350542,5.419343,5.465862,4.651559,5.413802 1,-1,6,9.217061,9.169107,9.170611,9.220671,9.289522,9.336857,8.521235,9.285939 1,-1,6,7.017163,6.996026,7.027992,7.093858,7.154717,7.175386,6.592451,7.078681 1,-1,6,11.141943,11.119886,11.150785,11.216246,11.277708,11.299457,10.70198,11.203813 1,-1,6,9.760105,9.769812,9.825128,9.893253,9.934397,9.924851,9.671879,9.801808
0,1,6,8.884611,8.915353,8.98078,9.042295,9.064222,9.033987,9.063777,8.906926 1,-1,6,4.969217,5.002093,5.068295,5.12861,5.148371,5.116435,5.202242,4.989609 1,-1,6,5.621234,5.572587,5.573399,5.623177,5.692036,5.739672,4.917241,5.690117 1,-1,6,9.493483,9.444911,9.445534,9.494977,9.563849,9.61182,8.792066,9.562366 1,-1,6,7.216133,7.192927,7.222927,7.288116,7.349964,7.372676,6.768176,7.278592 1,-1,6,11.34235,11.318997,11.348656,11.413676,11.475744,11.498779,10.8883,11.404807 1,-1,6,9.840003,9.847692,9.901775,9.970169,10.012904,10.005342,9.727429,9.883301
0,1,6,8.869742,8.89839,8.963059,9.025571,9.049648,9.02148,9.022308,8.894241 1,-1,6,4.948649,4.977826,5.042779,5.104945,5.128521,5.100205,5.135307,4.972965 1,-1,6,5.899854,5.85026,5.849682,5.898469,5.967351,6.01598,5.186667,5.96872 1,-1,6,9.771295,9.722148,9.72194,9.770793,9.839676,9.888239,9.064734,9.840174 1,-1,6,7.421898,7.396757,7.424869,7.489356,7.552084,7.57671,6.952411,7.485192 1,-1,6,11.547073,11.522478,11.550931,11.615499,11.678129,11.702397,11.07962,11.610073 1,-1,6,9.928326,9.934026,9.986849,10.055451,10.099716,10.09411,9.79186,9.973155
0,1,6,8.865006,8.891522,8.955357,9.018799,9.045006,9.018941,8.990664,8.891665 1,-1,6,4.946223,4.971576,5.03504,5.098851,5.12618,5.101596,5.085217,4.974392 1,-1,6,6.180477,6.130038,6.128197,6.176064,6.244942,6.294459,5.459284,6.249306 1,-1,6,10.050385,10.0007,9.999707,10.047997,10.116879,10.165996,9.339078,10.119251 1,-1,6,7.633911,7.60696,7.633262,7.697031,7.760541,7.786959,7.144496,7.697941 1,-1,6,11.755889,11.730104,11.757382,11.821491,11.884642,11.910093,11.27567,11.819391 1,-1,6,10.024852,10.028594,10.080137,10.148888,10.194619,10.190939,9.864996,10.071148
0,1,6,8.870419,8.894773,8.957702,9.022004,9.050311,9.026377,8.968949,8.899207 1,-1,6,4.961968,4.983411,5.045159,5.110391,5.141374,5.120593,5.052474,4.993872 1,-1,6,6.46284,6.411645,6.40865,6.455663,6.524515,6.574831,5.734635,6.531616 1,-1,6,10.330646,10.280458,10.278723,10.326474,10.395347,10.444982,9.614954,10.399491 1,-1,6,7.851662,7.823022,7.847592,7.910633,7.974835,8.002932,7.343815,7.916343 1,-1,6,11.968581,11.941656,11.967791,12.031436,12.09507,12.121654,11.47622,12.032547 1,-1,6,10.129347,10.131165,10.181413,10.250256,10.297391,10.295602,9.946647,10.177043
0,1,6,8.885963,8.908131,8.970085,9.035175,9.065546,9.043764,8.957234,8.916843 1,-1,6,4.995712,5.013203,5.07303,5.139447,5.173948,5.157001,5.037415,5.031198 1,-1,6,6.746725,6.69485,6.6908,6.737018,6.805829,6.856865,6.012345,6.815438 1,-1,6,10.611986,10.561328,10.558889,10.606125,10.674982,10.725104,9.892236,10.680806 1,-1,6,8.074689,8.044469,8.067385,8.129694,8.19451,8.224178,7.549797,8.139943 1,-1,6,12.184947,12.156931,12.181955,12.245133,12.309213,12.336883,11.68103,12.249342 1,-1,6,10.241566,10.2415,10.290441,10.359322,10.407799,10.407863,10.0366,10.290597
0,1,6,8.911584,8.931552,8.992465,9.058267,9.090662,9.071045,8.955561,8.944511 1,-1,6,5.047092,5.060635,5.118363,5.185724,5.223575,5.210455,5.040199,5.085974 1,-1,6,7.031949,6.979458,6.974439,7.019916,7.088674,7.140363,6.292103,7.10059 1,-1,6,10.894322,10.843222,10.840117,10.886859,10.955695,11.006272,10.17081,10.963111 1,-1,6,8.302566,8.270871,8.292207,8.353786,8.419145,8.450284,7.761909,8.368324 1,-1,6,12.404795,12.375734,12.399679,12.462387,12.52688,12.555591,11.88988,12.469586 1,-1,6,10.361258,10.359351,10.406977,10.475847,10.525601,10.527479,10.13465,10.41156
0,1,6,8.947197,8.964956,9.024768,9.091206,9.125576,9.108131,8.963931,8.982119 1,-1,6,5.115578,5.125217,5.180699,5.248767,5.289777,5.280439,5.060797,5.157647 1,-1,6,7.318354,7.265305,7.259394,7.30418,7.372877,7.425158,6.573646,7.386919 1,-1,6,11.177578,11.126063,11.122327,11.168595,11.237404,11.288411,10.45056,11.246332 1,-1,6,8.534905,8.501831,8.521661,8.582515,8.648353,8.680869,7.979664,8.601107 1,-1,6,12.627943,12.597881,12.620778,12.683017,12.747892,12.7776,12.10257,12.693099 1,-1,6,10.488169,10.484463,10.530773,10.599585,10.650553,10.654201,10.24054,10.539676
0,1,6,8.992683,9.008233,9.066887,9.133884,9.170177,9.154902,8.98232,9.029543 1,-1,6,5.200495,5.20631,5.259434,5.327981,5.37194,5.366304,5.098992,5.245523 1,-1,6,7.605808,7.552249,7.545516,7.589655,7.658284,7.711106,6.856754,7.674292 1,-1,6,11.461686,11.409781,11.405444,11.451259,11.520037,11.571448,10.73141,11.530402 1,-1,6,8.771352,8.736987,8.755382,8.81552,8.88178,8.915586,8.202613,8.837943 1,-1,6,12.854219,12.823199,12.845078,12.906849,12.972075,13.00274,12.31889,12.919711 1,-1,6,10.622038,10.616581,10.661575,10.730285,10.782406,10.787779,10.35405,10.674687
0,1,6,9.047892,9.06124,9.118687,9.186167,9.224324,9.211211,9.010664,9.086629 1,-1,6,5.301052,5.303158,5.353844,5.422656,5.469346,5.467304,5.154394,5.348803 1,-1,6,7.894195,7.840172,7.832676,7.87621,7.944767,7.998084,7.141242,7.962597 1,-1,6,11.746585,11.694312,11.689404,11.734784,11.803527,11.855319,11.01327,11.81526 1,-1,6,9.011582,8.976011,8.993037,9.05247,9.119102,9.154117,8.430341,9.078514 1,-1,6,13.083461,13.051523,13.072415,13.133718,13.199271,13.230852,12.53865,13.149264 1,-1,6,10.762606,10.755445,10.799129,10.867697,10.920911,10.927963,10.47492,10.816337
0,1,6,9.112648,9.123809,9.180002,9.24789,9.287849,9.276885,9.048871,9.153197 1,-1,6,5.416378,5.414915,5.463117,5.531999,5.581196,5.582615,5.226456,5.466615 1,-1,6,8.183416,8.128966,8.120764,8.16373,8.232211,8.285983,7.42695,8.251734 1,-1,6,12.032217,11.979596,11.974145,12.019108,12.087814,12.139965,11.29607,12.100848 1,-1,6,9.255301,9.218599,9.234322,9.293063,9.360021,9.396171,8.662474,9.322531 1,-1,6,13.315515,13.282698,13.302632,13.363471,13.429323,13.461783,12.76169,13.381603 1,-1,6,10.909614,10.900799,10.94318,11.011569,11.065816,11.0745,10.6029,10.964366
0,1,6,9.186749,9.195744,9.250646,9.318868,9.360564,9.351726,9.096817,9.229041 1,-1,6,5.545552,5.540679,5.586381,5.65516,5.706641,5.711373,5.314499,5.598042 1,-1,6,8.473388,8.418546,8.409685,8.452119,8.520523,8.574713,7.713744,8.541622 1,-1,6,12.318532,12.265583,12.259614,12.304177,12.372843,12.425335,11.57973,12.387119 1,-1,6,9.502242,9.46448,9.478961,9.537024,9.60427,9.641484,8.898666,9.569732 1,-1,6,13.550237,13.516578,13.535584,13.595962,13.662091,13.695393,12.98782,13.616589 1,-1,6,11.062806,11.052386,11.093475,11.161651,11.216875,11.227143,10.73775,11.118521
0,1,6,9.26997,9.276828,9.330405,9.398889,9.442254,9.435517,9.154347,9.313935 1,-1,6,5.687632,5.679519,5.722731,5.791256,5.844806,5.852689,5.417745,5.742147 1,-1,6,8.764035,8.708831,8.699357,8.741289,8.809615,8.864191,8.001507,8.832185 1,-1,6,12.605485,12.552225,12.545762,12.58994,12.658564,12.711378,11.8642,12.674025 1,-1,6,9.752159,9.713403,9.726701,9.784102,9.851599,9.889813,9.138603,9.819876 1,-1,6,13.787492,13.753025,13.77113,13.831052,13.897436,13.931546,13.21689,13.854085 1,-1,6,11.221929,11.209953,11.249764,11.317698,11.373842,11.385645,10.87919,11.27855
0,1,6,9.36207,9.366822,9.419047,9.487725,9.532689,9.52802,9.221284,9.407634 1,-1,6,5.841674,5.830503,5.871257,5.9394,5.994811,6.005677,5.535342,5.898003 1,-1,6,9.055292,8.999753,8.989706,9.031165,9.099413,9.154347,8.290136,9.123359 1,-1,6,12.893031,12.839477,12.832543,12.876351,12.944931,12.998051,12.14941,12.961523 1,-1,6,10.004829,9.965141,9.97731,10.034065,10.101783,10.140937,9.381997,10.072743 1,-1,6,14.02715,13.991909,14.009141,14.068611,14.13523,14.170115,13.44876,14.093965 1,-1,6,11.386733,11.373253,11.4118,11.479464,11.536476,11.549766,11.02699,11.444207
0,1,6,9.462788,9.465472,9.516326,9.585132,9.631623,9.628985,9.297423,9.509877 1,-1,6,6.006759,5.99271,6.031058,6.098712,6.155791,6.169468,5.666399,6.064704 1,-1,6,9.347102,9.291252,9.280669,9.321683,9.389852,9.445118,8.579546,9.415087 1,-1,6,13.181132,13.1273,13.119914,13.163367,13.231903,13.285312,12.43532,13.249576 1,-1,6,10.260049,10.219484,10.230577,10.286704,10.354613,10.394652,9.628586,10.328133 1,-1,6,14.26909,14.233107,14.249493,14.308516,14.375352,14.41098,13.68327,14.33611 1,-1,6,11.556976,11.54204,11.579343,11.646713,11.704541,11.71927,11.18088,11.615251
0,1,6,9.571853,9.572512,9.621978,9.69085,9.738797,9.738149,9.382542,9.620393 1,-1,6,6.182003,6.165258,6.201263,6.268342,6.326908,6.343227,5.810002,6.24138 1,-1,6,9.639415,9.583277,9.57219,9.612783,9.680874,9.73645,8.86966,9.70732 1,-1,6,13.469754,13.415656,13.40784,13.45095,13.51944,13.573124,12.72187,13.538149 1,-1,6,10.517634,10.476243,10.486311,10.541827,10.609902,10.650773,9.878131,10.585865 1,-1,6,14.513199,14.476504,14.492069,14.550652,14.617686,14.654028,13.9203,14.580406 1,-1,6,11.732421,11.716079,11.752157,11.819211,11.877807,11.893926,11.34062,11.791448
0,1,6,9.688982,9.687663,9.735731,9.804611,9.853942,9.855238,9.476397,9.738898 1,-1,6,6.366566,6.3473,6.38104,6.447475,6.507363,6.526156,5.965248,6.427208 1,-1,6,9.932186,9.875779,9.86422,9.904414,9.972428,10.028292,9.160411,10.000012 1,-1,6,13.758861,13.704512,13.696283,13.739064,13.807508,13.861453,13.00904,13.827207 1,-1,6,10.777413,10.735245,10.744334,10.799256,10.867476,10.909132,10.13041,10.84577 1,-1,6,14.759368,14.72199,14.736759,14.794907,14.862125,14.899152,14.15972,14.826747 1,-1,6,11.912838,11.895139,11.930013,11.996731,12.056048,12.073511,11.50597,11.97257
0,1,6,9.813887,9.810639,9.857305,9.926138,9.976782,9.979976,9.578732,9.865107 1,-1,6,6.559662,6.538045,6.569602,6.635341,6.6964,6.717507,6.131251,6.621419 1,-1,6,10.225377,10.168718,10.156714,10.19653,10.264469,10.320602,9.451739,10.293126 1,-1,6,14.048426,13.993837,13.985212,14.027676,14.096073,14.150268,13.29677,14.116722 1,-1,6,11.039231,10.996332,11.004487,11.058831,11.127175,11.169572,10.38523,11.107696 1,-1,6,15.007497,14.969462,14.983459,15.04118,15.108566,15.146251,14.4014,15.075033 1,-1,6,12.098004,12.078996,12.112688,12.179055,12.239048,12.257808,11.67669,12.158397
0,1,6,9.946274,9.941149,9.986414,10.05515,10.107036,10.112077,9.689278,9.998726 1,-1,6,6.76056,6.736754,6.766216,6.83122,6.893314,6.916581,6.307163,6.823297 1,-1,6,10.518951,10.462058,10.449633,10.489092,10.556957,10.613341,9.743595,10.586625 1,-1,6,14.338419,14.283602,14.274599,14.316756,14.385106,14.439538,13.58503,14.406666 1,-1,6,11.302948,11.259357,11.26662,11.320405,11.388856,11.431952,10.64241,11.371504 1,-1,6,15.257489,15.218824,15.232073,15.289373,15.356912,15.39523,14.64525,15.325169 1,-1,6,12.287706,12.267435,12.299968,12.36597,12.426597,12.446608,11.85254,12.348717
0,1,6,10.08585,10.078902,10.12277,10.191362,10.244422,10.251258,9.807757,10.139463 1,-1,6,6.968585,6.942743,6.970199,7.034443,7.097449,7.12273,6.492177,7.032181 1,-1,6,10.812878,10.755765,10.742944,10.782062,10.849854,10.906475,10.03593,10.880478 1,-1,6,14.628817,14.573781,14.564415,14.606277,14.674579,14.729238,13.87379,14.697014 1,-1,6,11.568433,11.52419,11.5306,11.583842,11.652383,11.696141,10.90177,11.637065 1,-1,6,15.509254,15.469985,15.482508,15.539393,15.607074,15.645999,14.89114,15.577066 1,-1,6,12.481735,12.460248,12.491646,12.55727,12.618491,12.639709,12.0333,12.543325
0,1,6,10.23232,10.223604,10.266084,10.334489,10.388656,10.397234,9.933887,10.287025 1,-1,6,7.183118,7.155382,7.180925,7.244391,7.3082,7.335357,6.685538,7.247465 1,-1,6,11.10713,11.04981,11.036614,11.075409,11.14313,11.199973,10.32871,11.174659 1,-1,6,14.919594,14.864351,14.854635,14.896213,14.964467,15.019342,14.16301,14.987742 1,-1,6,11.835567,11.790707,11.796302,11.849017,11.917636,11.96202,11.16318,11.904263 1,-1,6,15.762708,15.722858,15.734677,15.791154,15.858965,15.898474,15.13899,15.83064 1,-1,6,12.679894,12.657236,12.687522,12.752758,12.814535,12.836916,12.21875,12.742025
0,1,6,11.230344,11.293202,11.357567,11.385972,11.362043,11.299568,10.06738,11.206083 1,-1,6,8.710053,8.778464,8.832617,8.841238,8.799388,8.731141,6.886543,8.66757 1,-1,6,2.395021,2.461738,2.521155,2.539863,2.507733,2.442273,10.62188,2.36092 1,-1,6,3.380625,3.373032,3.417035,3.485676,3.538534,3.545773,14.45268,3.4351 1,-1,6,5.147895,5.199523,5.268256,5.313928,5.310539,5.260002,11.42647,5.144397 1,-1,6,7.694682,7.716702,7.778613,7.843733,7.874232,7.852653,15.38869,7.725769 1,-1,6,9.77612,9.828148,9.896849,9.942036,9.937642,9.88619,12.40869,9.771651
0,1,6,11.450573,11.512916,11.577708,11.607219,11.58443,11.522475,10.20794,11.427472 1,-1,6,8.860475,8.928619,8.983993,8.994591,8.954341,8.886395,7.094543,8.819613 1,-1,6,2.587107,2.651975,2.714263,2.738629,2.711775,2.648373,10.91543,2.558664 1,-1,6,3.644945,3.640077,3.686072,3.754879,3.806077,3.810733,14.74276,3.697666 1,-1,6,5.419578,5.470087,5.53891,5.585787,5.583979,5.53451,11.69154,5.417715 1,-1,6,7.993943,8.016128,8.078108,8.143177,8.173526,8.151769,15.64016,8.024856 1,-1,6,10.045672,10.097095,10.165856,10.211722,10.208219,10.157359,12.6029,10.04211
0,1,6,11.674358,11.736185,11.80137,11.831936,11.810251,11.748813,10.35529,11.652379 1,-1,6,9.018372,9.086201,9.142709,9.155209,9.116536,9.048933,7.308939,8.979109 1,-1,6,2.798236,2.861081,2.925444,2.954534,2.932358,2.871074,11.20932,2.774811 1,-1,6,3.914412,3.911902,3.959561,4.028437,4.07814,4.080548,15.03322,3.965545 1,-1,6,5.694104,5.743576,5.812446,5.860392,5.860019,5.811539,11.95826,5.69372 1,-1,6,8.293258,8.315595,8.377638,8.442661,8.47287,8.450948,15.89331,8.324009 1,-1,6,10.316905,10.367745,10.436552,10.483056,10.480397,10.430106,12.8012,10.314204
0,1,0,10.09698,10.087034,10.128533,10.196783,10.251697,10.261486,10.220527,10.152437 1,-1,0,7.105546,7.077434,7.101041,7.163681,7.228228,7.257237,7.23414,7.172116 1,-1,0,11.15376,11.099246,11.08469,11.122329,11.189783,11.247392,11.261738,11.224566 1,-1,0,14.96175,14.90156,14.890812,14.931553,14.999659,15.055154,15.065785,15.025408 1,-1,0,11.82549,11.777799,11.782064,11.833914,11.902636,11.948018,11.943812,11.892441 1,-1,0,15.73568,15.688513,15.699356,15.755262,15.823238,15.863547,15.852816,15.797255 1,-1,0,12.57944,12.561496,12.590763,12.65563,12.717894,12.741328,12.712408,12.647833
0,1,0,9.841042,9.830028,9.870673,9.938773,9.994312,10.005145,9.965048,9.897129 1,-1,0,6.909194,6.87919,6.900709,6.962409,7.02768,7.058634,7.037598,6.976563 1,-1,0,11.10602,11.05045,11.034099,11.070186,11.137246,11.195831,11.211947,11.176317 1,-1,0,14.89598,14.834948,14.822863,14.862506,14.930398,14.986677,14.998629,14.959347 1,-1,0,11.6989,11.649967,11.652641,11.703433,11.772244,11.818797,11.81616,11.765855 1,-1,0,15.58222,15.534176,15.543898,15.599138,15.667287,15.708499,15.698878,15.643991 1,-1,0,12.36098,12.341976,12.370219,12.4347,12.497432,12.521911,12.494011,12.429837
0,1,0,9.587653,9.575522,9.615258,9.683182,9.739368,9.751294,9.712115,9.644394 1,-1,0,6.720502,6.68853,6.707815,6.768453,6.834419,6.867396,6.848561,6.788638 1,-1,0,11.06622,11.009616,10.991467,11.025962,11.092576,11.152105,11.169993,11.135944 1,-1,0,14.83599,14.774128,14.760701,14.79922,14.866869,14.923917,14.937198,14.899035 1,-1,0,11.57871,11.528526,11.529572,11.579256,11.648122,11.695844,11.694813,11.645622 1,-1,0,15.43307,15.384141,15.392718,15.447262,15.515569,15.557691,15.549205,15.49502 1,-1,0,12.146,12.125904,12.153078,12.217143,12.280343,12.305896,12.27906,12.21532
0,1,0,9.337028,9.323723,9.362488,9.430209,9.487059,9.500134,9.461933,9.394441 1,-1,0,6.540133,6.506122,6.523019,6.582459,6.649081,6.684156,6.667667,6.608993 1,-1,0,11.03443,10.976831,10.956886,10.989752,11.055869,11.116306,11.135966,11.103533 1,-1,0,14.78184,14.719173,14.704397,14.741768,14.809145,14.866947,14.881562,14.844543 1,-1,0,11.46511,11.41368,11.413064,11.461587,11.53047,11.57936,11.579967,11.531943 1,-1,0,15.28836,15.238536,15.245943,15.299762,15.36821,15.411248,15.403921,15.350466 1,-1,0,11.93469,11.913469,11.939527,12.003142,12.066806,12.093465,12.067739,12.004467
0,1,0,9.089395,9.074855,9.112584,9.180068,9.237601,9.251884,9.214726,9.147497 1,-1,0,6.368793,6.332678,6.347029,6.405122,6.472348,6.50959,6.495597,6.438321 1,-1,0,11.01072,10.952169,10.930432,10.961636,11.027205,11.088511,11.109939,11.079152 1,-1,0,14.7336,14.670148,14.654019,14.690219,14.757296,14.815834,14.831786,14.795933 1,-1,0,11.3583,11.30563,11.30332,11.35063,11.419489,11.469542,11.471819,11.425012 1,-1,0,15.1482,15.097489,15.103701,15.156766,15.225336,15.269295,15.263151,15.210457 1,-1,0,11.72725,11.704867,11.729762,11.792889,11.857016,11.88481,11.860241,11.797475
0,1,0,8.845003,8.829166,8.865787,8.932999,8.991234,9.006785,8.97074,8.903813 1,-1,0,6.20723,6.168954,6.180597,6.237179,6.304941,6.344413,6.333071,6.277353 1,-1,0,10.99516,10.935684,10.912165,10.941677,11.006645,11.06878,11.091968,11.062857 1,-1,0,14.69134,14.627112,14.60963,14.644636,14.711383,14.770638,14.78793,14.753264 1,-1,0,11.25847,11.204573,11.200537,11.246582,11.315376,11.366583,11.37056,11.32502 1,-1,0,15.01273,14.961128,14.966121,15.018401,15.087076,15.131959,15.127021,15.075118 1,-1,0,11.52389,11.500309,11.523989,11.586589,11.651172,11.680134,11.656771,11.59455
0,1,0,8.604132,8.58693,8.622365,8.689263,8.748216,8.765101,8.730245,8.663664 1,-1,0,6.056227,6.015744,6.024515,6.079409,6.147624,6.189377,6.18084,6.126854 1,-1,0,10.98776,10.927414,10.902126,10.929918,10.994237,11.057157,11.082091,11.054682 1,-1,0,14.65509,14.59012,14.571283,14.605073,14.671461,14.731414,14.750047,14.716589 1,-1,0,11.16582,11.1107,11.104911,11.149638,11.218322,11.270671,11.276375,11.232153 1,-1,0,14.88208,14.829583,14.833333,14.884797,14.953557,14.999367,14.995658,14.944577 1,-1,0,11.32482,11.300013,11.322425,11.384457,11.44949,11.479649,11.457544,11.395911
0,1,0,8.367084,8.348446,8.382612,8.449148,8.508835,8.527122,8.493538,8.427352 1,-1,0,5.916593,5.873871,5.879607,5.932625,6.00119,6.045263,6.039684,5.987615 1,-1,0,10.98855,10.927376,10.900337,10.926386,10.990007,11.053666,11.080331,11.054645 1,-1,0,14.62491,14.559216,14.539026,14.571581,14.637581,14.69821,14.718182,14.685952 1,-1,0,11.08051,11.024193,11.016626,11.059984,11.12851,11.181988,11.189443,11.146589 1,-1,0,14.75637,14.702983,14.705467,14.756083,14.824907,14.871645,14.869189,14.818959 1,-1,0,11.13028,11.10421,11.125301,11.186718,11.252192,11.283579,11.262785,11.201784
0,1,0,8.134192,8.114045,8.146851,8.212972,8.273408,8.293168,8.260943,8.195209 1,-1,0,5.78915,5.744175,5.746719,5.797659,5.866454,5.912869,5.910396,5.860436 1,-1,0,10.99753,10.935572,10.906803,10.93109,10.993964,11.058316,11.086692,11.062746 1,-1,0,14.60083,14.534441,14.512901,14.544202,14.609784,14.671067,14.692375,14.66139 1,-1,0,11.00272,10.945228,10.93586,10.977798,11.046119,11.100706,11.109934,11.068497 1,-1,0,14.63573,14.581457,14.582653,14.632389,14.701254,14.74892,14.747738,14.698392 1,-1,0,10.9405,10.913142,10.932855,10.993611,11.059513,11.092158,11.072729,11.012409
0,1,0,7.905826,7.884093,7.915439,7.981086,8.042281,8.063588,8.032819,7.967599 1,-1,0,5.67472,5.627497,5.626703,5.675356,5.744239,5.792999,5.793771,5.74612 1,-1,0,11.01468,10.951983,10.921508,10.944019,11.0061,11.071096,11.10116,11.078968 1,-1,0,14.58288,14.515824,14.492939,14.522969,14.588104,14.650018,14.672658,14.642935 1,-1,0,10.93262,10.873969,10.862782,10.90325,10.971314,11.026989,11.038009,10.998037 1,-1,0,14.52028,14.465133,14.465019,14.513842,14.582725,14.631318,14.631431,14.583001 1,-1,0,10.75575,10.727061,10.745339,10.805383,10.871698,10.905631,10.887622,10.828035
0,1,0,7.682387,7.658988,7.68877,7.753873,7.815835,7.838767,7.809557,7.744922 1,-1,0,5.574103,5.524664,5.520397,5.56655,5.63536,5.686445,5.690587,5.645448 1,-1,0,11.03996,10.976571,10.944421,10.965143,11.026389,11.091978,11.123702,11.103275 1,-1,0,14.57109,14.50339,14.479167,14.507909,14.57257,14.635089,14.659055,14.630609 1,-1,0,10.87034,10.810568,10.797548,10.836498,10.904253,10.96099,10.973816,10.935355 1,-1,0,14.41016,14.354138,14.352692,14.400571,14.469446,14.518962,14.520392,14.472909 1,-1,0,10.57628,10.546233,10.563016,10.622293,10.689005,10.724253,10.707722,10.648921
0,1,0,7.46432,7.439172,7.467274,7.531757,7.59449,7.619126,7.591586,7.527616 1,-1,0,5.488061,5.43646,5.428608,5.472047,5.540603,5.593967,5.601588,5.55916 1,-1,0,11.0733,11.009282,10.975488,10.994416,11.054784,11.120917,11.15427,11.135614 1,-1,0,14.56547,14.497156,14.471603,14.499043,14.5632,14.6263,14.651583,14.624429 1,-1,0,10.81603,10.755165,10.7403,10.777685,10.845079,10.902849,10.917492,10.880587 1,-1,0,14.30548,14.248595,14.245798,14.292699,14.361541,14.411977,14.414741,14.368239 1,-1,0,10.40236,10.370931,10.38616,10.444613,10.511699,10.54829,10.533296,10.475338
0,1,0,7.252108,7.225128,7.251426,7.315202,7.378705,7.405126,7.379375,7.316159 1,-1,0,5.417287,5.363607,5.352082,5.392598,5.460703,5.516275,5.527457,5.487937 1,-1,0,11.11465,11.050044,11.014642,11.031772,11.091224,11.15785,11.192799,11.175916 1,-1,0,14.56603,14.497127,14.470255,14.496381,14.560006,14.623661,14.650252,14.624401 1,-1,0,10.76981,10.707883,10.691166,10.726944,10.793921,10.852692,10.86916,10.833853 1,-1,0,14.20637,14.148627,14.144461,14.190351,14.259133,14.310482,14.3146,14.269109 1,-1,0,10.23429,10.201441,10.215053,10.272621,10.340059,10.378017,10.364619,10.307564
0,1,0,7.04628,7.017382,7.041746,7.104716,7.16898,7.197271,7.173436,7.111074 1,-1,0,5.362387,5.306738,5.291482,5.328877,5.396321,5.453999,5.468801,5.432369 1,-1,0,11.16391,11.098768,11.061797,11.07713,11.135629,11.202697,11.239206,11.224093 1,-1,0,14.57276,14.503306,14.475126,14.499927,14.562994,14.627176,14.655063,14.630526 1,-1,0,10.73178,10.66883,10.65026,10.684387,10.750895,10.810631,10.828926,10.795256 1,-1,0,14.11294,14.054352,14.0488,14.093647,14.16234,14.214595,14.220083,14.175636 1,-1,0,10.07235,10.038057,10.049991,10.10661,10.174371,10.213719,10.201976,10.145889
0,1,0,6.847414,6.816512,6.8388,6.900856,6.965865,6.996108,6.974323,6.912926 1,-1,0,5.32385,5.266369,5.247359,5.281453,5.348017,5.407672,5.42612,5.392941 1,-1,0,11.22098,11.15535,11.116849,11.130392,11.187906,11.255365,11.293394,11.280047 1,-1,0,14.58567,14.515684,14.48621,14.509676,14.572158,14.63684,14.666011,14.642796 1,-1,0,10.70202,10.638097,10.617676,10.650115,10.716097,10.77676,10.796881,10.764884 1,-1,0,14.02531,13.965887,13.958932,14.002703,14.071278,14.12443,14.131305,14.087932 1,-1,0,9.916843,9.881081,9.891275,9.946878,10.01493,10.055689,10.045662,9.990608
0,1,0,6.65613,6.623143,6.643206,6.704225,6.769954,6.802231,6.782638,6.722331 1,-1,0,5.302034,5.242884,5.220132,5.250768,5.316228,5.377707,5.399795,5.370009 1,-1,0,11.28573,11.219671,11.179684,11.191445,11.247944,11.315744,11.355252,11.343661 1,-1,0,14.60472,14.534244,14.503492,14.525616,14.587487,14.652642,14.683082,14.661195 1,-1,0,10.68061,10.615757,10.59349,10.624207,10.689609,10.751157,10.773098,10.742808 1,-1,0,13.94358,13.883342,13.874969,13.917633,13.98606,14.040098,14.048373,14.006107 1,-1,0,9.768076,9.730825,9.739215,9.793733,9.862039,9.904226,9.895975,9.842024
0,1,0,6.473104,6.437949,6.45563,6.515476,6.581889,6.616279,6.599028,6.539947 1,-1,0,5.297146,5.236508,5.210065,5.237116,5.301253,5.364378,5.390063,5.363785 1,-1,0,11.35804,11.2916,11.250171,11.260163,11.31562,11.383712,11.424656,11.414808 1,-1,0,14.62991,14.558964,14.52695,14.547726,14.608963,14.674561,14.706253,14.685702 1,-1,0,10.6676,10.601862,10.577761,10.606723,10.671492,10.733881,10.757632,10.729077 1,-1,0,13.86786,13.806823,13.79702,13.838545,13.906792,13.961703,13.971391,13.930262 1,-1,0,9.626362,9.587602,9.594128,9.647487,9.716007,9.759636,9.75322,9.700443
0,1,0,6.299053,6.261659,6.276796,6.335317,6.402364,6.438941,6.424186,6.366482 1,-1,0,5.309232,5.247304,5.217258,5.240629,5.303233,5.367808,5.397016,5.374325 1,-1,0,11.43777,11.37099,11.328166,11.336405,11.390797,11.459132,11.501468,11.493347 1,-1,0,14.66119,14.589813,14.556555,14.575979,14.636557,14.702569,14.735498,14.716284 1,-1,0,10.66301,10.596446,10.570527,10.597707,10.661789,10.724971,10.750518,10.723725 1,-1,0,13.79825,13.736431,13.725187,13.765542,13.833577,13.889347,13.900459,13.860497 1,-1,0,9.492017,9.451735,9.456336,9.50846,9.57715,9.62223,9.617708,9.566179
0,1,0,6.134743,6.095044,6.107468,6.1645,6.232116,6.270947,6.258847,6.202683 1,-1,0,5.338177,5.275167,5.241639,5.261275,5.32215,5.387967,5.420589,5.401533 1,-1,0,11.52476,11.457687,11.413516,11.420022,11.473328,11.54186,11.585541,11.579128 1,-1,0,14.69853,14.62675,14.592268,14.610338,14.670235,14.736633,14.770778,14.752905 1,-1,0,10.66687,10.599521,10.571804,10.59718,10.660523,10.72445,10.751774,10.726764 1,-1,0,13.73484,13.672261,13.659567,13.698721,13.766512,13.823125,13.83567,13.796904 1,-1,0,9.365357,9.323545,9.326162,9.376973,9.445782,9.492319,9.489747,9.439543
0,1,0,5.980976,5.938918,5.948459,6.003822,6.071925,6.113067,6.103783,6.049335 1,-1,0,5.383708,5.319828,5.282971,5.298852,5.357825,5.424666,5.460567,5.445158 1,-1,0,11.61884,11.551527,11.506057,11.510852,11.563056,11.631738,11.676719,11.671992 1,-1,0,14.74188,14.669731,14.634046,14.650761,14.709955,14.776711,14.812052,14.795519 1,-1,0,10.67915,10.611081,10.58159,10.605142,10.667696,10.732318,10.761396,10.738187 1,-1,0,13.67772,13.614401,13.600248,13.638173,13.705687,13.763125,13.77711,13.739569 1,-1,0,9.246699,9.203351,9.203929,9.253348,9.322221,9.370215,9.369648,9.320845
0,1,0,5.838584,5.794128,5.800618,5.854117,5.922606,5.966105,5.959796,5.907253 1,-1,0,5.445412,5.38087,5.34086,5.353004,5.409925,5.477574,5.516592,5.50481 1,-1,0,11.71985,11.652338,11.605618,11.608727,11.659814,11.728605,11.774836,11.771771 1,-1,0,14.79119,14.718702,14.681836,14.697197,14.75567,14.822753,14.85927,14.844076 1,-1,0,10.69984,10.631097,10.599861,10.621575,10.683293,10.748556,10.779362,10.757966 1,-1,0,13.62696,13.562931,13.547315,13.583983,13.651185,13.709428,13.724859,13.688569 1,-1,0,9.136354,9.091471,9.089956,9.137902,9.20678,9.256228,9.257716,9.210393
0,1,0,5.708421,5.661547,5.664818,5.71625,5.785004,5.830885,5.827707,5.777268 1,-1,0,5.522744,5.457742,5.414775,5.423234,5.477982,5.546227,5.588183,5.579974 1,-1,0,11.82761,11.759939,11.712018,11.713469,11.763429,11.832286,11.879721,11.87829 1,-1,0,14.8464,14.773604,14.735579,14.749591,14.807322,14.874704,14.912374,14.898516 1,-1,0,10.72888,10.659522,10.626573,10.646439,10.707275,10.773128,10.80563,10.786057 1,-1,0,13.58264,13.517924,13.500843,13.536226,13.603083,13.662109,13.67899,13.643977 1,-1,0,9.034629,8.988216,8.984559,9.030951,9.099769,9.150659,9.15425,9.108486
0,1,0,5.591339,5.542048,5.541946,5.591094,5.659971,5.708243,5.708342,5.660213 1,-1,0,5.615059,5.549787,5.50407,5.508928,5.561411,5.630049,5.674751,5.670035 1,-1,0,11.94193,11.874146,11.825074,11.824897,11.873722,11.942604,11.991196,11.99137 1,-1,0,14.90744,14.834371,14.795212,14.807878,14.864851,14.932503,14.971303,14.958775 1,-1,0,10.7662,10.696289,10.661663,10.679676,10.739588,10.805975,10.840141,10.822394 1,-1,0,13.54483,13.479446,13.460897,13.49497,13.561448,13.621235,13.639566,13.605855 1,-1,0,8.941814,8.893887,8.888043,8.932799,9.001489,9.053805,9.059542,9.015415
0,1,0,5.488175,5.436495,5.432879,5.47952,5.548357,5.599005,5.602515,5.556905 1,-1,0,5.721632,5.656263,5.608012,5.609376,5.659531,5.728374,5.775621,5.774295 1,-1,0,12.06264,11.994771,11.944596,11.942822,11.990508,12.059379,12.109078,12.110828 1,-1,0,14.97425,14.900931,14.860663,14.871989,14.928188,14.996081,15.035987,15.024784 1,-1,0,10.81172,10.741312,10.705048,10.721208,10.780155,10.847023,10.882814,10.866894 1,-1,0,13.51357,13.447552,13.427537,13.460276,13.52634,13.586864,13.606644,13.574258 1,-1,0,8.858192,8.808769,8.800699,8.843739,8.912228,8.965947,8.973868,8.931455
0,1,0,5.399729,5.345715,5.338461,5.382375,5.450988,5.503969,5.511005,5.468124 1,-1,0,5.841683,5.776374,5.725801,5.723803,5.771594,5.84047,5.890059,5.892001 1,-1,0,12.18953,12.121622,12.070392,12.067055,12.113599,12.182423,12.233183,12.236475 1,-1,0,15.04674,14.973207,14.931855,14.94185,14.99726,15.065367,15.106353,15.096467 1,-1,0,10.86533,10.794488,10.756628,10.770939,10.828885,10.89618,10.933556,10.919459 1,-1,0,13.4889,13.422289,13.400812,13.432195,13.49781,13.559045,13.580271,13.549231 1,-1,0,8.784026,8.733132,8.722804,8.764048,8.832259,8.887352,8.897489,8.856866
0,1,0,5.326732,5.27047,5.259484,5.300451,5.368638,5.423882,5.434535,5.394587 1,-1,0,5.9744,5.909288,5.856603,5.851388,5.896804,5.96556,6.017292,6.022363 1,-1,0,12.32242,12.254505,12.202269,12.197403,12.242805,12.31155,12.363324,12.368125 1,-1,0,15.12484,15.051117,15.008708,15.01738,15.071987,15.14028,15.182322,15.173744 1,-1,0,10.92692,10.855697,10.816286,10.828755,10.885667,10.953335,10.992254,10.979971 1,-1,0,13.47088,13.403694,13.380761,13.410767,13.475899,13.537818,13.560485,13.530811 1,-1,0,8.719556,8.667224,8.654612,8.693983,8.761838,8.818267,8.830646,8.791886
0,1,0,5.269827,5.211433,5.19665,5.234462,5.302006,5.359413,5.373749,5.336923 1,-1,0,6.118958,6.054162,5.999567,5.991291,6.034344,6.102846,6.156526,6.16458 1,-1,0,12.46112,12.393228,12.340032,12.333672,12.377936,12.446569,12.499312,12.505587 1,-1,0,15.20845,15.134573,15.091134,15.098494,15.152287,15.22074,15.263811,15.25653 1,-1,0,10.99636,10.924804,10.88389,10.894529,10.950377,11.018365,11.058782,11.048301 1,-1,0,13.45953,13.391796,13.367414,13.396025,13.460641,13.523214,13.547316,13.519025 1,-1,0,8.664998,8.611269,8.596354,8.63378,8.701196,8.758918,8.773557,8.73673
0,1,0,5.229539,5.169161,5.150551,5.185018,5.251693,5.311132,5.329182,5.295653 1,-1,0,6.274539,6.210158,6.153845,6.142669,6.18339,6.251524,6.306965,6.317851 1,-1,0,12.60543,12.537595,12.483485,12.475668,12.518798,12.587291,12.640957,12.648672 1,-1,0,15.29749,15.223485,15.179042,15.185103,15.238071,15.306657,15.35073,15.344735 1,-1,0,11.07349,11.001661,10.959291,10.968117,11.022875,11.091131,11.132999,11.124304 1,-1,0,13.45485,13.386613,13.360792,13.387991,13.452058,13.515256,13.540782,13.51389 1,-1,0,8.620541,8.565462,8.548234,8.583646,8.650538,8.709505,8.726414,8.691584
0,1,0,5.206254,5.144066,5.121638,5.152595,5.218168,5.279484,5.301243,5.27116 1,-1,0,6.440343,6.376461,6.318608,6.304697,6.343131,6.410801,6.467829,6.48139 1,-1,0,12.75517,12.687414,12.632434,12.623197,12.6652,12.733527,12.788072,12.797191 1,-1,0,15.39186,15.317757,15.272338,15.277112,15.329247,15.39794,15.442989,15.438267 1,-1,0,11.15815,11.086105,11.042331,11.049362,11.103007,11.171482,11.214752,11.207825 1,-1,0,13.45686,13.388151,13.360905,13.386677,13.450162,13.513954,13.540893,13.515414 1,-1,0,8.586341,8.529967,8.510424,8.543758,8.610041,8.670195,8.689379,8.656606
0,1,0,5.2002,5.136399,5.110204,5.137514,5.201757,5.264766,5.290197,5.263678 1,-1,0,6.615604,6.552285,6.493059,6.476575,6.512781,6.579908,6.638359,6.654443 1,-1,0,12.91014,12.842494,12.786688,12.776068,12.816953,12.88509,12.940471,12.950956 1,-1,0,15.49147,15.417291,15.370925,15.374426,15.42572,15.494495,15.540493,15.537029 1,-1,0,11.25018,11.177965,11.132837,11.138098,11.190611,11.259255,11.303878,11.298695 1,-1,0,13.46556,13.396409,13.367751,13.392085,13.454957,13.519311,13.547648,13.523594 1,-1,0,8.562523,8.504911,8.48306,8.51426,8.579849,8.641129,8.662581,8.631918
0,1,0,5.211438,5.14624,5.116364,5.139929,5.202623,5.267123,5.296148,5.273281 1,-1,0,6.799589,6.736885,6.676437,6.65754,6.691585,6.758107,6.817831,6.836285 1,-1,0,13.07016,13.002648,12.946057,12.934092,12.97387,13.041793,13.097969,13.109785 1,-1,0,15.59622,15.521986,15.4747,15.476944,15.52739,15.596224,15.643143,15.640922 1,-1,0,11.3494,11.27706,11.230631,11.234146,11.285511,11.354279,11.400205,11.396741 1,-1,0,13.48092,13.411374,13.381322,13.404207,13.466435,13.531319,13.561039,13.538419 1,-1,0,8.549171,8.490389,8.466246,8.49526,8.560071,8.622408,8.646116,8.61761
0,1,0,5.239856,5.173487,5.140057,5.159815,5.220755,5.28653,5.31904,5.299876 1,-1,0,6.991609,6.929561,6.868029,6.846873,6.878832,6.944698,7.005557,7.026236 1,-1,0,13.23505,13.167689,13.110355,13.097083,13.135765,13.203454,13.260385,13.273495 1,-1,0,15.70599,15.631739,15.58356,15.584564,15.634156,15.703026,15.750839,15.749846 1,-1,0,11.45561,11.383202,11.335523,11.337322,11.387527,11.456373,11.503551,11.501778 1,-1,0,13.50294,13.433024,13.401596,13.423024,13.484579,13.54996,13.581045,13.559866 1,-1,0,8.546336,8.486453,8.460042,8.486828,8.550779,8.614101,8.640042,8.613732
0,1,0,5.285177,5.217869,5.181041,5.196971,5.255976,5.322802,5.358656,5.343208 1,-1,0,7.191021,7.129657,7.067166,7.043897,7.073848,7.139023,7.200891,7.223654 1,-1,0,13.40463,13.337437,13.279398,13.264856,13.302455,13.369892,13.42754,13.441906 1,-1,0,15.8207,15.746442,15.697399,15.69718,15.745915,15.814798,15.863478,15.863696 1,-1,0,11.56863,11.496194,11.447318,11.447431,11.496468,11.565349,11.613728,11.613616 1,-1,0,13.53158,13.461327,13.428544,13.448509,13.509363,13.575207,13.607637,13.587905 1,-1,0,8.554029,8.493119,8.464474,8.488997,8.552007,8.616238,8.644381,8.6203
0,1,0,5.346971,5.278953,5.238911,5.251031,5.307946,5.375597,5.414628,5.402875 1,-1,0,7.397228,7.336566,7.273227,7.247986,7.276011,7.340468,7.403231,7.427945 1,-1,0,13.57871,13.511714,13.453008,13.437232,13.473764,13.540932,13.599258,13.614846 1,-1,0,15.94022,15.86599,15.81611,15.814685,15.862561,15.931436,15.980956,15.982366 1,-1,0,11.68826,11.615837,11.565815,11.564277,11.61214,11.681015,11.730545,11.732062 1,-1,0,13.56679,13.496241,13.462124,13.480624,13.540749,13.607022,13.640777,13.622494 1,-1,0,8.572219,8.510362,8.479524,8.501758,8.56375,8.628811,8.659118,8.637289
0,1,0,5.424675,5.356168,5.313115,5.32148,5.376178,5.444434,5.486456,5.478343 1,-1,0,7.609676,7.549727,7.485642,7.45856,7.48474,7.548463,7.612019,7.638557 1,-1,0,13.75714,13.690347,13.63101,13.614038,13.649517,13.716401,13.77537,13.792143 1,-1,0,16.06446,15.990273,15.939584,15.936972,15.983987,16.052834,16.103166,16.105751 1,-1,0,11.8143,11.741927,11.690812,11.687657,11.734342,11.803175,11.853805,11.856916 1,-1,0,13.60852,13.537714,13.502288,13.519321,13.578692,13.645361,13.680416,13.663584 1,-1,0,8.600842,8.538118,8.505135,8.525064,8.585967,8.651774,8.6842,8.664637
0,1,0,5.517618,5.448827,5.40298,5.407676,5.460064,5.528714,5.573527,5.568971 1,-1,0,7.827858,7.768627,7.703885,7.675086,7.699502,7.762481,7.826739,7.854982 1,-1,0,13.93974,13.873168,13.813234,13.795102,13.829545,13.896131,13.95571,13.973633 1,-1,0,16.19331,16.119181,16.067711,16.063932,16.110085,16.178884,16.230002,16.233743 1,-1,0,11.94654,11.874259,11.822102,11.817366,11.862875,11.931628,11.983309,11.987979 1,-1,0,13.65672,13.585687,13.548978,13.564544,13.623138,13.690168,13.7265,13.711117 1,-1,0,8.639792,8.576284,8.541214,8.558828,8.618575,8.685046,8.719537,8.702248
0,1,0,5.625043,5.556159,5.50774,5.508882,5.558894,5.627744,5.675139,5.67403 1,-1,0,8.051308,7.992794,7.927474,7.897073,7.919807,7.982038,8.046915,8.076752 1,-1,0,14.12635,14.060013,13.999515,13.98026,14.013684,14.07996,14.140114,14.159152 1,-1,0,16.32665,16.252606,16.200381,16.195454,16.240747,16.309479,16.361356,16.366233 1,-1,0,12.08479,12.012628,11.959477,11.953199,11.997533,12.066175,12.118857,12.12505 1,-1,0,13.71131,13.640091,13.602125,13.616228,13.674023,13.74138,13.778962,13.765025 1,-1,0,8.688932,8.624722,8.587627,8.602927,8.661457,8.728507,8.765006,8.749989
0,1,2,5.467669,5.398814,5.348935,5.348005,5.396591,5.465474,5.5143,5.515201 1,-1,2,7.987004,7.926199,7.857194,7.828201,7.84913,7.910527,7.97601,8.007518 1,-1,2,14.020693,13.954922,13.8943,13.873739,13.906287,13.972287,14.032916,14.052901 1,-1,2,16.175567,16.106945,16.0596,16.04856,16.093289,16.161969,16.214329,16.219945 1,-1,2,11.939568,11.871121,11.82093,11.81001,11.853552,11.922101,11.975433,11.98264 1,-1,2,13.519541,13.451891,13.41705,13.426841,13.484279,13.551768,13.589889,13.576588 1,-1,2,8.502631,8.435088,8.394041,8.41144,8.469435,8.536706,8.574044,8.560008
0,1,2,5.195325,5.126536,5.075539,5.073001,5.120468,5.189338,5.239227,5.241685 1,-1,2,7.799246,7.739433,7.669905,7.639039,7.657992,7.718436,7.784519,7.817811 1,-1,2,13.791368,13.725889,13.66489,13.643343,13.675044,13.740765,13.801838,13.822729 1,-1,2,15.910027,15.84146,15.79372,15.782093,15.826369,15.895001,15.947741,15.953947 1,-1,2,11.677898,11.609551,11.55883,11.547056,11.589939,11.6584,11.712258,11.720302 1,-1,2,13.225883,13.158174,13.12305,13.132564,13.189837,13.257384,13.295755,13.282754 1,-1,2,8.208576,8.140939,8.099524,8.116434,8.174187,8.241551,8.279265,8.265685
0,1,2,4.926195,4.857525,4.805319,4.800991,4.847184,4.915998,4.967041,4.971224 1,-1,2,7.618677,7.55996,7.489952,7.45715,7.47401,7.533397,7.600048,7.63518 1,-1,2,13.564801,13.499638,13.43827,13.4157,13.446517,13.511936,13.573457,13.59528 1,-1,2,15.645732,15.577228,15.52909,15.516851,15.560654,15.629231,15.682361,15.689176 1,-1,2,11.418112,11.349884,11.29862,11.285951,11.328137,11.396495,11.450895,11.459812 1,-1,2,12.932517,12.864747,12.82933,12.838552,12.89565,12.963258,13.001888,12.989202 1,-1,2,7.914968,7.847233,7.805424,7.821808,7.879297,7.946759,7.984875,7.971786
0,1,2,4.660836,4.592356,4.538842,4.532516,4.577247,4.64595,4.698243,4.704347 1,-1,2,7.44582,7.388314,7.317877,7.283081,7.297728,7.355942,7.423121,7.460147 1,-1,2,13.341133,13.27631,13.21457,13.190951,13.220848,13.285941,13.347911,13.370694 1,-1,2,15.382748,15.314314,15.26577,15.252896,15.296207,15.364722,15.41825,15.425694 1,-1,2,11.160344,11.092252,11.04042,11.026825,11.068274,11.136513,11.191469,11.201299 1,-1,2,12.639461,12.571631,12.5359,12.544823,12.601737,12.669407,12.708308,12.695951 1,-1,2,7.621858,7.554022,7.511792,7.527607,7.584808,7.652372,7.690918,7.678358
0,1,2,4.39993,4.331733,4.276808,4.268241,4.311286,4.379802,4.433451,4.4417 1,-1,2,7.281224,7.225051,7.154248,7.117405,7.129714,7.186633,7.25429,7.293257 1,-1,2,13.120511,13.056055,12.99394,12.969247,12.998185,13.062926,13.125346,13.149117 1,-1,2,15.121142,15.052787,15.00382,14.990297,15.033095,15.101539,15.155476,15.16357 1,-1,2,10.904737,10.8368,10.78439,10.769821,10.810489,10.878591,10.93412,10.944903 1,-1,2,12.34674,12.278847,12.24279,12.251399,12.308118,12.37585,12.415034,12.403023 1,-1,2,7.329305,7.261366,7.218683,7.233882,7.290769,7.358438,7.397447,7.385458
0,1,2,4.144319,4.076529,4.020085,4.008997,4.050084,4.118309,4.173426,4.184078 1,-1,2,7.125463,7.070752,6.999658,6.960721,6.970568,7.026059,7.094133,7.135083 1,-1,2,12.903093,12.839033,12.77655,12.750747,12.778686,12.843047,12.905918,12.930703 1,-1,2,14.860987,14.79272,14.74333,14.729127,14.771389,14.839754,14.894107,14.902874 1,-1,2,10.651445,10.583686,10.53069,10.515095,10.554936,10.622878,10.678997,10.690777 1,-1,2,12.054376,11.98642,11.95003,11.9583,12.014815,12.082611,12.12209,12.110441 1,-1,2,7.037379,6.969333,6.926164,6.940693,6.997236,7.065013,7.10452,7.093152
0,1,2,3.895045,3.827828,3.769759,3.755827,3.794625,3.86242,3.919117,3.93247 1,-1,2,6.979127,6.926018,6.854717,6.813649,6.82091,6.874832,6.94325,6.986217 1,-1,2,12.689043,12.625408,12.56256,12.535618,12.562516,12.626467,12.689787,12.715616 1,-1,2,14.60236,14.534192,14.48436,14.469463,14.511165,14.579441,14.634221,14.643684 1,-1,2,10.400638,10.333082,10.27947,10.262817,10.30178,10.36954,10.426263,10.439087 1,-1,2,11.762396,11.694376,11.65763,11.665553,11.72185,11.789711,11.8295,11.818232 1,-1,2,6.746162,6.678008,6.634314,6.648113,6.704275,6.772165,6.81221,6.801515
0,1,2,3.653406,3.586984,3.527191,3.510045,3.546149,3.613322,3.671713,3.688107 1,-1,2,6.842822,6.791458,6.720051,6.676825,6.681378,6.733582,6.802258,6.847265 1,-1,2,12.478534,12.415358,12.35215,12.324037,12.34985,12.413359,12.477127,12.504027 1,-1,2,14.345345,14.277287,14.22701,14.211388,14.252506,14.320681,14.375897,14.38608 1,-1,2,10.1525,10.085175,10.03094,10.013171,10.051202,10.118753,10.176098,10.190012 1,-1,2,11.470831,11.402746,11.36563,11.373184,11.42925,11.497178,11.53729,11.526423 1,-1,2,6.45575,6.387485,6.343223,6.356224,6.411966,6.479972,6.520598,6.510639
0,1,2,3.421019,3.355687,3.294097,3.273316,3.306232,3.372523,3.432706,3.452527 1,-1,2,6.717158,6.667689,6.596289,6.550891,6.552619,6.60295,6.671785,6.718843 1,-1,2,12.271748,12.209066,12.14551,12.116191,12.140873,12.203905,12.268117,12.296118 1,-1,2,14.090029,14.022094,13.97136,13.954989,13.995496,14.06356,14.119222,14.130149 1,-1,2,9.907233,9.84017,9.785292,9.766359,9.803401,9.870713,9.928694,9.94375 1,-1,2,11.179712,11.111562,11.07405,11.081222,11.137044,11.20504,11.245491,11.235045 1,-1,2,6.166255,6.097881,6.053003,6.065127,6.1204,6.188526,6.229783,6.22063
0,1,3,3.143748,3.078732,3.016704,2.995057,3.027277,3.093374,3.153894,3.17446 1,-1,3,6.487535,6.439268,6.37039,6.31876,6.321247,6.370409,6.439287,6.487544 1,-1,3,12.000631,11.938125,11.873453,11.8457,11.869018,11.931886,11.996243,12.024613 1,-1,3,13.809088,13.741153,13.685103,13.67937,13.714567,13.782633,13.838287,13.849208 1,-1,3,9.626909,9.559877,9.501302,9.489505,9.522827,9.590119,9.648154,9.66332 1,-1,3,10.912476,10.844406,10.803911,10.81858,10.871218,10.939121,10.979118,10.96813 1,-1,3,5.897188,5.828933,5.787537,5.795068,5.853793,5.921761,5.962225,5.952129
0,1,3,2.844337,2.779187,2.717348,2.696229,2.72908,2.795398,2.855548,2.875497 1,-1,3,6.212059,6.164732,6.095884,6.043378,6.04451,6.092772,6.161654,6.210795 1,-1,3,11.700874,11.638399,11.573702,11.54589,11.569152,11.631999,11.696374,11.724795 1,-1,3,13.516952,13.448961,13.393114,13.38773,13.423219,13.49134,13.546782,13.557354 1,-1,3,9.330922,9.263809,9.205424,9.193992,9.22764,9.295014,9.35284,9.367639 1,-1,3,10.657247,10.58934,10.549675,10.56545,10.618594,10.686315,10.725475,10.713489 1,-1,3,5.639923,5.571942,5.532075,5.541369,5.601352,5.66898,5.707892,5.695956
0,1,3,2.545066,2.479752,2.41815,2.397695,2.431327,2.497907,2.557589,2.576775 1,-1,3,5.93896,5.892679,5.823893,5.770452,5.770098,5.817354,5.886216,5.936305 1,-1,3,11.40113,11.338687,11.273964,11.24609,11.269293,11.332119,11.396512,11.424987 1,-1,3,13.225169,13.157121,13.101488,13.09648,13.132261,13.200437,13.255655,13.265863 1,-1,3,9.0352,8.968003,8.909822,8.898779,8.932773,9.000233,9.057833,9.072242 1,-1,3,10.404409,10.336688,10.297903,10.31483,10.368496,10.436011,10.474284,10.461254 1,-1,3,5.387079,5.319457,5.281298,5.292517,5.353822,5.421016,5.458197,5.444263
0,1,3,2.24599,2.180473,2.119181,2.099579,2.134204,2.201098,2.26017,2.278391 1,-1,3,5.668581,5.62347,5.554788,5.500348,5.49836,5.54449,5.613298,5.664404 1,-1,3,11.101401,11.038992,10.974241,10.9463,10.969442,11.032245,11.096658,11.12519 1,-1,3,12.933762,12.865657,12.810248,12.80562,12.84172,12.909951,12.964934,12.974761 1,-1,3,8.73977,8.672485,8.614525,8.603896,8.63826,8.70581,8.763166,8.777158 1,-1,3,10.154139,10.08663,10.048781,10.06691,10.121111,10.188391,10.225724,10.211603 1,-1,3,5.139312,5.07215,5.035909,5.049227,5.111916,5.178561,5.213811,5.1977
0,1,3,1.947196,1.881423,1.820549,1.802088,1.838015,1.905288,1.963536,1.980493 1,-1,3,5.401331,5.357533,5.289007,5.2335,5.229713,5.274572,5.343283,5.395481 1,-1,3,10.801686,10.739313,10.674533,10.64653,10.6696,10.732378,10.796811,10.825403 1,-1,3,12.642757,12.574594,12.519422,12.5152,12.551622,12.619909,12.674644,12.684072 1,-1,3,8.444662,8.377286,8.319564,8.309381,8.344138,8.41178,8.468873,8.482418 1,-1,3,9.90663,9.839364,9.802507,9.821901,9.876642,9.943656,9.979991,9.964728 1,-1,3,4.897389,4.830816,4.796732,4.812345,4.876468,4.942426,4.975512,4.957032
0,1,3,1.648842,1.582732,1.522456,1.505593,1.543299,1.611027,1.668106,1.683342 1,-1,3,5.137698,5.095381,5.02708,4.970435,4.964658,5.008079,5.076636,5.130006 1,-1,3,10.501988,10.439653,10.374842,10.34677,10.369766,10.432518,10.496973,10.525629 1,-1,3,12.352181,12.28396,12.229038,12.22524,12.262001,12.330344,12.384817,12.393828 1,-1,3,8.149911,8.082439,8.024976,8.015272,8.050449,8.118186,8.174995,8.18806 1,-1,3,9.662097,9.595106,9.559305,9.580018,9.635311,9.702024,9.737301,9.720843 1,-1,3,4.662222,4.596397,4.564746,4.582861,4.648463,4.71356,4.744219,4.72316
0,1,3,1.351215,1.284651,1.225293,1.210825,1.251097,1.319355,1.374657,1.387418 1,-1,3,4.878268,4.837629,4.769639,4.711785,4.703803,4.745588,4.813917,4.868543 1,-1,3,10.202307,10.140013,10.075169,10.04702,10.069942,10.132667,10.197145,10.225867 1,-1,3,12.062068,11.993788,11.939131,11.93578,11.972892,12.04129,12.095486,12.104059 1,-1,3,7.855557,7.787987,7.730804,7.721617,7.757244,7.825079,7.881578,7.894127 1,-1,3,9.420771,9.354092,9.319414,9.341507,9.39736,9.463734,9.497885,9.480177 1,-1,3,4.434885,4.370005,4.341102,4.361948,4.429048,4.493076,4.521007,4.497145
0,1,3,1.054935,0.987733,0.929954,0.919449,0.963699,1.032466,1.084798,1.093717 1,-1,3,4.62375,4.585019,4.517454,4.45832,4.447886,4.4878,4.555805,4.611774 1,-1,3,9.902645,9.840394,9.775516,9.74729,9.770129,9.832825,9.897327,9.92612 1,-1,3,11.77245,11.704112,11.649734,11.64685,11.684331,11.752784,11.806688,11.814801 1,-1,3,7.561647,7.493974,7.437098,7.428468,7.464578,7.532515,7.588676,7.600668 1,-1,3,9.182903,9.116579,9.083096,9.106633,9.163053,9.229043,9.261998,9.242983 1,-1,3,4.216645,4.152953,4.127157,4.150969,4.219565,4.282266,4.307133,4.280233
0,1,3,0.761571,0.693473,0.638973,0.636141,0.687158,0.755826,0.802428,0.804676 1,-1,3,4.375,4.33845,4.271454,4.210975,4.197811,4.235575,4.30313,4.360528 1,-1,3,9.603004,9.540799,9.475885,9.447576,9.470327,9.532992,9.59752,9.626388 1,-1,3,11.483364,11.414968,11.360886,11.35849,11.396361,11.464868,11.518461,11.526091 1,-1,3,7.268233,7.200455,7.143914,7.135889,7.172518,7.240558,7.29635,7.307739 1,-1,3,8.94877,8.882848,8.850637,8.875684,8.932675,8.998233,9.029916,9.009534 1,-1,3,4.008988,3.946782,3.924497,3.951519,4.021564,4.082631,4.104057,4.073875
