0,1,6,11.352943,11.416816,11.480219,11.506266,11.479944,11.416425,11.35267,11.326265 1,-1,6,8.955564,9.02425,9.076598,9.082384,9.038292,8.969714,8.920239,8.910845 1,-1,6,2.610599,2.679146,2.732714,2.741371,2.700412,2.632418,2.577187,2.567554 1,-1,6,3.015481,3.013372,3.06154,3.130423,3.179642,3.181641,3.135576,3.066546 1,-1,6,5.147575,5.202913,5.271017,5.312216,5.303105,5.248823,5.177181,5.138172 1,-1,6,7.466714,7.49198,7.555324,7.619249,7.646674,7.621922,7.564077,7.494697 1,-1,6,9.771623,9.825638,9.894045,9.936865,9.929412,9.875965,9.80559,9.764044
0,1,6,11.141155,11.20453,11.268426,11.295662,11.270542,11.20754,11.1433,11.115686 1,-1,6,8.688966,8.757563,8.810597,8.817455,8.774208,8.705742,8.65556,8.645076 1,-1,6,2.35058,2.418603,2.474616,2.487354,2.449944,2.382816,2.324682,2.310956 1,-1,6,3.153589,3.145509,3.189204,3.257815,3.31091,3.318587,3.277316,3.208409 1,-1,6,5.000952,5.054119,5.122658,5.166571,5.160904,5.108848,5.036964,4.995097 1,-1,6,7.479159,7.501838,7.564055,7.628943,7.658827,7.636614,7.580112,7.509639 1,-1,6,9.629674,9.682509,9.751109,9.795362,9.789751,9.737498,9.66681,9.623967
0,1,6,10.933496,10.996332,11.060715,11.089175,11.065312,11.00287,10.93814,10.909292 1,-1,6,8.424614,8.493098,8.546849,8.554842,8.512504,8.444177,8.393258,8.381618 1,-1,6,2.101244,2.168284,2.227044,2.244715,2.211837,2.146158,2.084802,2.066084 1,-1,6,3.313174,3.299704,3.339016,3.406931,3.463254,3.47609,3.439444,3.371064 1,-1,6,4.868421,4.91914,4.987948,5.034608,5.032586,4.983023,4.91109,4.866331 1,-1,6,7.503587,7.523655,7.584651,7.650398,7.682683,7.663032,7.607951,7.536502 1,-1,6,9.495084,9.546664,9.615411,9.661104,9.657392,9.606407,9.535452,9.491308
0,1,6,10.730206,10.792457,10.857321,10.887039,10.864489,10.802653,10.73746,10.707327 1,-1,6,8.162728,8.231071,8.285567,8.294766,8.253407,8.18525,8.133562,8.120696 1,-1,6,1.866876,1.932167,1.993922,2.017564,1.990534,1.927221,1.862433,1.837631 1,-1,6,3.491293,3.473019,3.508137,3.575052,3.634023,3.651491,3.619218,3.551655 1,-1,6,4.75116,4.799141,4.868021,4.917427,4.91924,4.872443,4.800688,4.753037 1,-1,6,7.539882,7.557328,7.617015,7.683515,7.718136,7.701055,7.647467,7.57516 1,-1,6,9.368171,9.418419,9.487261,9.534398,9.53264,9.482997,9.411826,9.366382
0,1,6,10.53154,10.593156,10.658491,10.689501,10.668323,10.607144,10.54149,10.510044 1,-1,6,7.903551,7.971722,8.026994,8.037472,7.99717,7.929218,7.87673,7.862563 1,-1,6,1.653852,1.716126,1.780934,1.811734,1.792268,1.732733,1.664605,1.632505 1,-1,6,3.685258,3.662742,3.693917,3.759629,3.820749,3.842339,3.814146,3.747591 1,-1,6,4.650325,4.695271,4.763993,4.816109,4.821921,4.778167,4.706847,4.656345 1,-1,6,7.587874,7.602698,7.661,7.728145,7.765026,7.750511,7.698479,7.625433 1,-1,6,9.24925,9.298088,9.36697,9.415549,9.415797,9.367573,9.296242,9.249502
0,1,6,10.337762,10.39869,10.464484,10.496821,10.477076,10.416606,10.35051,10.317713 1,-1,6,7.647361,7.71532,7.771398,7.783237,7.744077,7.676372,7.623053,7.607501 1,-1,6,1.47147,1.528693,1.596159,1.635297,1.625492,1.571797,1.501055,1.460567 1,-1,6,3.892702,3.866457,3.893973,3.958361,4.021209,4.04645,4.022025,3.956593 1,-1,6,4.567004,4.60862,4.676925,4.731672,4.741616,4.701177,4.630573,4.577306 1,-1,6,7.647341,7.659559,7.716406,7.784089,7.823147,7.811185,7.760761,7.687094 1,-1,6,9.138634,9.185981,9.254843,9.304858,9.30716,9.260432,9.189001,9.140978
0,1,6,10.149154,10.209338,10.275574,10.30927,10.291022,10.231318,10.16479,10.130617 1,-1,6,7.394466,7.46217,7.519084,7.53237,7.494446,7.427036,7.372855,7.355832 1,-1,6,1.332376,1.381564,1.450422,1.49867,1.500741,1.455586,1.383987,1.334706 1,-1,6,4.111584,4.082072,4.106218,4.169226,4.233453,4.261917,4.240949,4.176698 1,-1,6,4.502169,4.540176,4.607779,4.665033,4.679201,4.642333,4.572746,4.516848 1,-1,6,7.718019,7.727655,7.782989,7.851105,7.892251,7.882816,7.834043,7.759871 1,-1,6,9.036627,9.082404,9.151182,9.202619,9.20702,9.161866,9.0904,9.041109
0,1,6,9.966008,10.025387,10.092048,10.127135,10.110446,10.05157,9.984638,9.949049 1,-1,6,7.145217,7.212614,7.270394,7.285218,7.248636,7.181577,7.126503,7.107914 1,-1,6,1.25109,1.288618,1.356365,1.413445,1.429064,1.395319,1.325774,1.268709 1,-1,6,4.340176,4.307798,4.32886,4.390473,4.455797,4.487106,4.469298,4.406245 1,-1,6,4.456627,4.49077,4.55737,4.616964,4.635399,4.602329,4.534072,4.475723 1,-1,6,7.799604,7.806694,7.860466,7.928914,7.972053,7.96511,7.918021,7.843454 1,-1,6,8.943524,8.987652,9.056275,9.109117,9.115658,9.072153,9.000722,8.950187
0,1,6,9.788632,9.847142,9.914203,9.950713,9.935649,9.877664,9.810352,9.773319 1,-1,6,6.900009,6.967038,7.025712,7.042175,7.007048,6.940406,6.884409,6.864155 1,-1,6,1.239042,1.261884,1.325038,1.389116,1.418529,1.398249,1.334141,1.27193 1,-1,6,4.577021,4.54213,4.560376,4.620614,4.686803,4.720626,4.705698,4.643832 1,-1,6,4.430973,4.461035,4.526326,4.588046,4.61074,4.581661,4.515043,4.454468 1,-1,6,7.891757,7.896346,7.948517,8.0172,8.062234,8.057739,8.012359,7.937503 1,-1,6,8.859606,8.902005,8.970403,9.024623,9.03334,8.99156,8.920237,8.868485
0,1,6,9.617344,9.674916,9.742351,9.780311,9.766939,9.709913,9.642251,9.603745 1,-1,6,6.659287,6.725876,6.78547,6.803677,6.770133,6.703984,6.647041,6.625012 1,-1,6,1.298163,1.305438,1.360781,1.428797,1.470451,1.463996,1.407902,1.343872 1,-1,6,4.820907,4.783803,4.799483,4.858385,4.925255,4.961301,4.948996,4.88829 1,-1,6,4.425554,4.451365,4.515044,4.578644,4.605532,4.58059,4.515907,4.453366 1,-1,6,7.994113,7.996256,8.046797,8.115622,8.162453,8.160353,8.116693,8.041651 1,-1,6,8.785136,8.82573,8.893825,8.949393,8.960313,8.920332,8.849195,8.796261
0,1,6,9.452476,9.509039,9.576816,9.616252,9.60464,9.548643,9.480665,9.440663 1,-1,6,6.423559,6.489625,6.550161,6.570223,6.538402,6.472834,6.41492,6.391007 1,-1,6,1.419587,1.412794,1.458673,1.527507,1.578679,1.584762,1.537675,1.474509 1,-1,6,5.070813,5.031758,5.045101,5.102717,5.17012,5.208137,5.198224,5.138634 1,-1,6,4.440442,4.46189,4.523674,4.588878,4.619841,4.599129,4.536653,4.472432 1,-1,6,8.106284,8.106043,8.154933,8.223815,8.272342,8.272578,8.230647,8.15551 1,-1,6,8.720357,8.759071,8.826784,8.883662,8.896809,8.858697,8.787827,8.73375
0,1,6,9.294369,9.349846,9.417929,9.458864,9.449079,9.394188,9.325932,9.284411 1,-1,6,6.193391,6.258837,6.320332,6.342369,6.312424,6.24754,6.18864,6.162723 1,-1,6,1.589098,1.570925,1.607399,1.674842,1.732695,1.749188,1.71076,1.649959 1,-1,6,5.325895,5.285113,5.296324,5.352714,5.420531,5.460301,5.452569,5.394048 1,-1,6,4.475436,4.492469,4.552102,4.618617,4.653486,4.637044,4.57701,4.511412 1,-1,6,8.22787,8.225312,8.272542,8.3414,8.391522,8.39403,8.353824,8.27868 1,-1,6,8.665484,8.702249,8.769499,8.827642,8.843032,8.806855,8.736334,8.681162
0,1,6,9.143375,9.197687,9.266035,9.308487,9.300597,9.246889,9.178399,9.135342 1,-1,6,5.96943,6.034141,6.096605,6.12074,6.09284,6.02876,5.968862,5.94082 1,-1,6,1.793107,1.766245,1.794361,1.859278,1.921518,1.946238,1.915452,1.857566 1,-1,6,5.585441,5.543125,5.552392,5.607617,5.675751,5.717086,5.711346,5.653843 1,-1,6,4.53007,4.542697,4.59996,4.667487,4.706053,4.693864,4.636467,4.569795 1,-1,6,8.35846,8.353656,8.399223,8.467985,8.519604,8.524314,8.485824,8.41075 1,-1,6,8.620709,8.655458,8.722162,8.781519,8.79916,8.76498,8.694892,8.638678
0,1,6,8.99985,9.052915,9.12148,9.165465,9.159536,9.107093,9.038419,8.993812 1,-1,6,5.7524,5.816242,5.879677,5.906037,5.880366,5.817227,5.756333,5.726039 1,-1,6,2.021196,1.987823,2.008914,2.070925,2.135939,2.167032,2.142712,2.087759 1,-1,6,5.848859,5.805175,5.812663,5.866787,5.935163,5.977898,5.973981,5.917443 1,-1,6,4.603643,4.611932,4.666651,4.734898,4.776917,4.768915,4.7143,4.646849 1,-1,6,8.497638,8.490665,8.534574,8.603173,8.656191,8.663031,8.626241,8.55131 1,-1,6,8.586188,8.618861,8.684936,8.74545,8.765342,8.733216,8.663648,8.606448
0,1,6,8.864158,8.915889,8.98462,9.030147,9.026245,8.97515,8.906346,8.860183 1,-1,6,5.543113,5.605933,5.670326,5.699043,5.6758,5.613761,5.551885,5.519213 1,-1,6,2.266106,2.227837,2.243153,2.302292,2.369016,2.405039,2.386099,2.333864 1,-1,6,6.115649,6.070739,6.076599,6.129682,6.198238,6.242231,6.239985,6.18436 1,-1,6,4.695267,4.699333,4.751382,4.82007,4.865278,4.861351,4.809618,4.741666 1,-1,6,8.64499,8.635926,8.678188,8.746566,8.800889,8.809784,8.774672,8.699948 1,-1,6,8.562045,8.592589,8.657951,8.719559,8.741694,8.711673,8.642709,8.584587
0,1,6,8.736664,8.786973,8.855812,8.902886,8.901073,8.851413,8.78254,8.734817 1,-1,6,5.342481,5.404101,5.469424,5.500628,5.480028,5.419271,5.356442,5.321268 1,-1,6,2.522942,2.480943,2.491533,2.548013,2.615767,2.655636,2.64116,2.591353 1,-1,6,6.385386,6.339376,6.343742,6.395844,6.464531,6.509657,6.508947,6.454185 1,-1,6,4.803908,4.80391,4.853209,4.922082,4.970205,4.970203,4.921406,4.853203 1,-1,6,8.800105,8.789029,8.829663,8.897765,8.953304,8.964178,8.930717,8.856256 1,-1,6,8.54837,8.576736,8.641303,8.703938,8.7283,8.700428,8.632153,8.573174
0,1,6,8.617732,8.666528,8.735411,8.784031,8.784367,8.736229,8.667353,8.618075 1,-1,6,5.151515,5.21173,5.277936,5.311754,5.294025,5.234757,5.171028,5.133233 1,-1,6,2.788412,2.743518,2.750225,2.804316,2.872671,2.915577,2.904821,2.857148 1,-1,6,6.657714,6.610711,6.613703,6.664881,6.733659,6.77981,6.780514,6.726566 1,-1,6,4.928442,4.924568,4.97108,5.039912,5.090672,5.094419,5.048568,4.980338 1,-1,6,8.962581,8.949572,8.988601,9.056382,9.113049,9.125824,9.093983,9.019837 1,-1,6,8.545211,8.571361,8.635052,8.698641,8.725206,8.699519,8.632015,8.572252
0,1,6,8.50772,8.554912,8.623769,8.673927,8.676468,8.629941,8.561133,8.510311 1,-1,6,4.971328,5.029904,5.096921,5.133473,5.118857,5.061311,4.996758,4.956235 1,-1,6,3.060269,3.013091,3.016579,3.068552,3.137236,3.182574,3.17494,3.129135 1,-1,6,6.932328,6.884427,6.886151,6.936459,7.005296,7.052377,7.054384,7.001206 1,-1,6,5.067696,5.060157,5.103885,5.172478,5.225605,5.232905,5.189975,5.12191 1,-1,6,9.132024,9.117164,9.154614,9.222032,9.279745,9.294346,9.26409,9.190303 1,-1,6,8.55258,8.576482,8.63922,8.703687,8.732424,8.70895,8.642298,8.581823
0,1,6,8.406979,8.452476,8.521232,8.572912,8.57771,8.532881,8.464219,8.411871 1,-1,6,4.803135,4.85981,4.927535,4.966927,4.955674,4.900107,4.834836,4.791497 1,-1,6,3.336952,3.287938,3.288731,3.338836,3.407675,3.454991,3.45,3.405829 1,-1,6,7.208965,7.160248,7.160801,7.21029,7.279161,7.327087,7.330301,7.277848 1,-1,6,5.220493,5.209512,5.25049,5.318679,5.373914,5.38456,5.344497,5.276755 1,-1,6,9.308054,9.29142,9.327324,9.394344,9.453024,9.469374,9.440667,9.367275 1,-1,6,8.570451,8.592081,8.653793,8.719059,8.749927,8.728688,8.662964,8.601853
0,1,6,8.315847,8.359555,8.428132,8.481312,8.48841,8.445368,8.376933,8.323086 1,-1,6,4.648237,4.70272,4.771017,4.813334,4.805695,4.752393,4.686545,4.640327 1,-1,6,3.617354,3.566841,3.565354,3.613813,3.682696,3.731642,3.728909,3.686171 1,-1,6,7.487401,7.437941,7.437411,7.486127,7.55501,7.603709,7.608041,7.556273 1,-1,6,5.38568,5.371483,5.409773,5.477424,5.534523,5.548303,5.51103,5.443742 1,-1,6,9.490304,9.471975,9.506365,9.572957,9.632532,9.650556,9.623358,9.550394 1,-1,6,8.598758,8.618102,8.678717,8.744702,8.777655,8.758663,8.693939,8.632268
0,1,6,8.234641,8.276472,8.344783,8.399432,8.408871,8.367702,8.299579,8.244268 1,-1,6,4.508005,4.559977,4.628672,4.67397,4.670194,4.619462,4.553214,4.504089 1,-1,6,3.900674,3.848918,3.845485,3.892488,3.961345,4.01165,4.010862,3.969389 1,-1,6,7.767444,7.717305,7.715768,7.763757,7.832636,7.882041,7.887411,7.83629 1,-1,6,5.562154,5.544966,5.58065,5.647653,5.706396,5.723098,5.68852,5.621789 1,-1,6,9.678423,9.658474,9.691387,9.757527,9.817926,9.837552,9.811822,9.739313 1,-1,6,8.637397,8.65445,8.713905,8.780525,8.815511,8.798771,8.735114,8.672961
0,1,6,8.163658,8.203524,8.271482,8.327562,8.339371,8.300158,8.232437,8.175704 1,-1,6,4.383847,4.432969,4.501845,4.550145,4.550463,4.502623,4.436194,4.384177 1,-1,6,4.186318,4.13352,4.128408,4.174121,4.242907,4.29436,4.295262,4.254907 1,-1,6,8.048924,7.998163,7.995692,8.042993,8.111855,8.161909,8.168245,8.117736 1,-1,6,5.748874,5.728915,5.762088,5.828362,5.888544,5.907964,5.875973,5.80988 1,-1,6,9.872076,9.850581,9.882053,9.947721,10.00888,10.030035,10.00573,9.933701 1,-1,6,8.686233,8.700995,8.759232,8.826406,8.863365,8.848873,8.786345,8.723785
0,1,6,8.103167,8.140984,8.208496,8.26596,8.280164,8.242985,8.175757,8.117655 1,-1,6,4.277162,4.323081,4.39188,4.443156,4.447776,4.403157,4.336804,4.281961 1,-1,6,4.473843,4.42016,4.413589,4.458151,4.526839,4.579271,4.581652,4.542293 1,-1,6,8.331699,8.280365,8.277023,8.323676,8.392509,8.443161,8.450397,8.400466 1,-1,6,5.944877,5.922355,5.953122,6.018607,6.080046,6.101986,6.072468,6.007071 1,-1,6,10.070943,10.047974,10.078045,10.143223,10.205082,10.227698,10.20478,10.133243 1,-1,6,8.745093,8.757576,8.814542,8.882188,8.921056,8.908802,8.847456,8.784567
0,1,6,8.053404,8.089094,8.156066,8.214859,8.231471,8.196401,8.129762,8.070348 1,-1,6,4.189286,4.231648,4.300071,4.354245,4.363337,4.322266,4.256281,4.198735 1,-1,6,4.762906,4.708464,4.700614,4.744147,4.81272,4.865995,4.869681,4.831212 1,-1,6,8.615637,8.563776,8.559621,8.605661,8.674457,8.72566,8.733738,8.684355 1,-1,6,6.149274,6.124387,6.152858,6.217512,6.280045,6.304318,6.277155,6.212494 1,-1,6,10.274721,10.250346,10.279056,10.343732,10.406233,10.430244,10.40867,10.33764 1,-1,6,8.813776,8.823999,8.879648,8.947686,8.988395,8.978359,8.918246,8.855101
0,1,6,8.014569,8.048059,8.114396,8.174456,8.19348,8.160587,8.094629,8.033971 1,-1,6,4.121422,4.159888,4.227602,4.284539,4.298223,4.261006,4.195711,4.135646 1,-1,6,5.053244,4.998145,4.989166,5.031774,5.100223,5.154231,5.159075,5.121406 1,-1,6,8.90063,8.848281,8.843365,8.888825,8.957578,9.009292,9.018157,8.969292 1,-1,6,6.361255,6.334188,6.360477,6.424272,6.487755,6.514185,6.489259,6.425362 1,-1,6,10.483124,10.45741,10.484798,10.548963,10.612054,10.637395,10.61712,10.54661 1,-1,6,8.892055,8.900044,8.954337,9.022688,9.065167,9.057324,8.998486,8.935155
0,1,6,7.986822,8.018047,8.083651,8.14491,8.166341,8.135685,8.070503,8.008676 1,-1,6,4.07457,4.10883,4.175478,4.234984,4.253319,4.220232,4.155965,4.093623 1,-1,6,5.344649,5.288977,5.278994,5.320767,5.389089,5.443738,5.449616,5.412669 1,-1,6,9.186578,9.133778,9.128149,9.17306,9.241765,9.293951,9.303555,9.255182 1,-1,6,6.580089,6.551011,6.575232,6.638154,6.70246,6.730884,6.708076,6.644957 1,-1,6,10.695882,10.668891,10.694999,10.758645,10.822278,10.848888,10.82987,10.759887 1,-1,6,8.97968,8.985466,9.038371,9.10696,9.151134,9.145453,9.087925,9.024477
0,1,6,7.970277,7.999181,8.063958,8.126338,8.150161,8.121795,8.057483,7.994565 1,-1,6,4.04946,4.079253,4.144469,4.206294,4.22927,4.200541,4.137644,4.07332 1,-1,6,5.636957,5.580779,5.569899,5.610917,5.679109,5.734324,5.74113,5.704838 1,-1,6,9.473395,9.420176,9.413879,9.458269,9.526921,9.579547,9.589844,9.541938 1,-1,6,6.805114,6.774184,6.796446,6.858492,6.923509,6.953775,6.932971,6.870636 1,-1,6,10.91274,10.884533,10.9094,10.972523,11.036653,11.064473,11.04667,10.97722 1,-1,6,9.076379,9.080001,9.131492,9.200247,9.24604,9.242483,9.186296,9.122794
0,1,6,7.965006,7.99154,8.055397,8.118817,8.145006,8.118974,8.055621,7.991699 1,-1,6,4.046496,4.071624,4.135048,4.198896,4.226432,4.202229,4.141034,4.075061 1,-1,6,5.930033,5.873408,5.861723,5.902052,5.970117,6.025833,6.033476,5.997781 1,-1,6,9.761006,9.707397,9.700471,9.744367,9.812963,9.865998,9.876946,9.829486 1,-1,6,7.035737,7.003099,7.02351,7.084683,7.150314,7.182283,7.163372,7.10182 1,-1,6,11.13346,11.104093,11.127759,11.190357,11.254942,11.283916,11.26728,11.198373 1,-1,6,9.181866,9.183368,9.233426,9.302277,9.349613,9.348138,9.293312,9.229819
0,1,6,7.971031,7.995157,8.058004,8.122377,8.150897,8.127234,8.064926,8.00009 1,-1,6,4.065726,4.086067,4.147364,4.212902,4.244847,4.225271,4.16608,4.098818 1,-1,6,6.223769,6.166745,6.154332,6.194032,6.261972,6.318137,6.326539,6.291388 1,-1,6,10.04934,9.995368,9.98785,10.031277,10.099814,10.153231,10.16479,10.117755 1,-1,6,7.271423,7.237211,7.255873,7.316185,7.382343,7.415886,7.398764,7.337986 1,-1,6,11.357814,11.327343,11.349847,11.41192,11.476922,11.506996,11.4915,11.423123 1,-1,6,9.295841,9.295271,9.343884,9.412767,9.461568,9.462129,9.408682,9.345253
0,1,6,7.988325,8.010016,8.071768,8.137004,8.167811,8.14654,8.08536,8.019703 1,-1,6,4.10684,4.122349,4.181224,4.248102,4.284242,4.269321,4.212396,4.144213 1,-1,6,6.518075,6.460694,6.44762,6.486745,6.554563,6.61113,6.620223,6.585571 1,-1,6,10.338339,10.284026,10.27595,10.318931,10.387408,10.441183,10.45333,10.406688 1,-1,6,7.511697,7.476031,7.493043,7.552508,7.619121,7.65412,7.638685,7.578669 1,-1,6,11.585592,11.55407,11.575449,11.636998,11.702381,11.733505,11.7191,11.651263 1,-1,6,9.417997,9.415407,9.462567,9.531422,9.581611,9.584157,9.5321,9.468788
0,1,6,8.016816,8.036054,8.096631,8.162637,8.195678,8.176815,8.116837,8.050455 1,-1,6,4.169189,4.179902,4.236111,4.303973,4.344046,4.333739,4.279291,4.210545 1,-1,6,6.812878,6.755175,6.741499,6.780094,6.847796,6.904725,6.914449,6.880257 1,-1,6,10.627947,10.573316,10.564712,10.607269,10.675685,10.729794,10.74249,10.696231 1,-1,6,7.756133,7.719123,7.734578,7.793215,7.860216,7.896565,7.882722,7.823452 1,-1,6,11.816596,11.784072,11.804365,11.865393,11.931125,11.963249,11.9499,11.882597 1,-1,6,9.548019,9.543464,9.58917,9.657941,9.709443,9.713921,9.663259,9.600111
0,1,6,8.056385,8.073165,8.132493,8.199175,8.234388,8.217937,8.15923,8.092219 1,-1,6,4.25184,4.257863,4.311223,4.379727,4.423431,4.417633,4.365821,4.296845 1,-1,6,7.108116,7.050121,7.035894,7.074001,7.14159,7.198848,7.209151,7.175383 1,-1,6,10.918116,10.863187,10.854085,10.896236,10.964591,11.019014,11.03222,10.986334 1,-1,6,8.004349,7.966096,7.980082,8.037911,8.105246,8.142845,8.130505,8.071963 1,-1,6,12.050641,12.017161,12.036405,12.096916,12.162966,12.196045,12.18372,12.116943 1,-1,6,9.685591,9.679128,9.723383,9.792019,9.844759,9.851114,9.801847,9.738907
0,1,6,8.10687,8.121195,8.179208,8.246471,8.283788,8.269745,8.212372,8.144826 1,-1,6,4.353636,4.355137,4.405524,4.474352,4.521365,4.519919,4.470844,4.401939 1,-1,6,7.403736,7.345476,7.330744,7.3684,7.43588,7.493437,7.504273,7.470898 1,-1,6,11.208803,11.153594,11.144019,11.185785,11.254077,11.308796,11.3225,11.276955 1,-1,6,8.256004,8.216599,8.229198,8.286244,8.353862,8.392623,8.381701,8.323868 1,-1,6,12.287552,12.253162,12.271391,12.33139,12.397731,12.431721,12.42038,12.354129 1,-1,6,9.830396,9.822084,9.864896,9.933351,9.987256,9.99543,9.947554,9.884862
0,1,6,8.168069,8.179953,8.236592,8.304343,8.343689,8.332038,8.276052,8.208068 1,-1,6,4.47327,4.470463,4.517814,4.586681,4.636674,4.639381,4.593093,4.524517 1,-1,6,7.699696,7.641194,7.625996,7.663233,7.730609,7.78844,7.799768,7.766756 1,-1,6,11.499968,11.444495,11.434472,11.475871,11.544101,11.599097,11.61326,11.568056 1,-1,6,8.510794,8.47032,8.48161,8.537895,8.605755,8.645595,8.636013,8.578868 1,-1,6,12.527168,12.49191,12.509158,12.568652,12.635258,12.670118,12.65973,12.593994 1,-1,6,9.982118,9.972019,10.0134,10.081631,10.136631,10.146567,10.10007,10.037664
0,1,6,8.239742,8.249209,8.304423,8.37257,8.413866,8.404585,8.350033,8.281701 1,-1,6,4.609354,4.602484,4.646789,4.715449,4.768097,4.774729,4.731233,4.6632 1,-1,6,7.995955,7.937232,7.921604,7.958451,8.025728,8.083809,8.095593,8.062919 1,-1,6,11.791575,11.735854,11.725406,11.766452,11.83462,11.889878,11.90449,11.859598 1,-1,6,8.768443,8.726977,8.73703,8.79258,8.860643,8.901488,8.893173,8.836693 1,-1,6,12.769335,12.733248,12.74955,12.808544,12.875392,12.911082,12.90161,12.836388 1,-1,6,10.140448,10.128621,10.168588,10.236557,10.292584,10.304222,10.2591,10.197003
0,1,6,8.321619,8.328701,8.382449,8.450902,8.494066,8.487122,8.434042,8.36545 1,-1,6,4.760478,4.749808,4.791101,4.85935,4.914341,4.924655,4.883915,4.816598 1,-1,6,8.292485,8.233557,8.21753,8.254015,8.321196,8.379508,8.391715,8.359357 1,-1,6,12.083594,12.027639,12.016786,12.057497,12.125603,12.181108,12.19614,12.151554 1,-1,6,9.02871,8.98632,8.995204,9.050043,9.118279,9.160058,9.152941,9.097106 1,-1,6,13.013913,12.977035,12.992422,13.050924,13.117993,13.154476,13.14589,13.081171 1,-1,6,10.30508,10.291588,10.330159,10.397832,10.454821,10.468103,10.42433,10.362579
0,1,7,8.253022,8.257851,8.310163,8.378829,8.423699,8.418965,8.367333,8.298571 1,-1,7,4.768336,4.753669,4.791646,4.859236,4.91652,4.930703,4.893805,4.825912 1,-1,7,8.508157,8.448474,8.430989,8.46618,8.533011,8.592107,8.609265,8.571253 1,-1,7,12.283893,12.227293,12.21533,12.255123,12.323051,12.379213,12.391018,12.35605 1,-1,7,9.167129,9.12329,9.130318,9.184005,9.25247,9.295701,9.288798,9.237427 1,-1,7,13.126635,13.088616,13.102671,13.160443,13.227808,13.265428,13.251545,13.20075 1,-1,7,10.319077,10.30375,10.340754,10.408054,10.466064,10.481153,10.444647,10.37185
0,1,7,8.124641,8.127198,8.178011,8.246819,8.293357,8.290852,8.240734,8.171871 1,-1,7,4.726519,4.707668,4.741989,4.808632,4.868137,4.886369,4.853069,4.786045 1,-1,7,8.694707,8.634102,8.614778,8.648306,8.714649,8.774697,8.79367,8.757388 1,-1,7,12.449155,12.391769,12.378422,12.417055,12.484736,12.541696,12.55487,12.52111 1,-1,7,9.26024,9.214772,9.21966,9.271977,9.340644,9.385503,9.380701,9.330797 1,-1,7,13.187808,13.148514,13.161055,13.217973,13.285641,13.324532,13.312145,13.26217 1,-1,7,10.274044,10.256789,10.292107,10.35896,10.418002,10.434991,10.400158,10.32782
0,1,7,8.00544,8.00565,8.054861,8.123738,8.171945,8.171739,8.123237,8.054358 1,-1,7,4.703495,4.680474,4.710941,4.776363,4.837899,4.860175,4.830648,4.76477 1,-1,7,8.887468,8.826024,8.804953,8.836865,8.902691,8.963609,8.984308,8.949712 1,-1,7,12.619383,12.561255,12.546567,12.584056,12.651468,12.709183,12.723684,12.69112 1,-1,7,9.362038,9.315017,9.317804,9.368729,9.43753,9.483944,9.481206,9.432789 1,-1,7,13.255485,13.214947,13.225982,13.282027,13.349962,13.390092,13.379192,13.33007 1,-1,7,10.237601,10.218416,10.252003,10.31835,10.378385,10.397275,10.364158,10.29234
0,1,7,7.895853,7.893648,7.941149,8.010016,8.059885,8.062045,8.015261,7.946439 1,-1,7,4.699555,4.67243,4.698889,4.762815,4.826164,4.852429,4.826812,4.762335 1,-1,7,9.086049,9.023841,9.001112,9.031456,9.096742,9.158455,9.180794,9.147831 1,-1,7,12.794383,12.735555,12.719567,12.755928,12.823053,12.881482,12.897269,12.86587 1,-1,7,9.472252,9.423755,9.424484,9.474001,9.542871,9.590766,9.59005,9.543124 1,-1,7,13.329577,13.287828,13.297367,13.35252,13.420688,13.462025,13.452603,13.40434 1,-1,7,10.209854,10.188743,10.22056,10.286341,10.347326,10.368114,10.336751,10.26552
0,1,7,7.796277,7.791593,7.837276,7.906049,7.957563,7.962148,7.917186,7.84851 1,-1,7,4.71474,4.683629,4.705969,4.768142,4.833057,4.863213,4.841598,4.778769 1,-1,7,9.290074,9.227172,9.202871,9.231695,9.296426,9.358862,9.382759,9.351379 1,-1,7,12.973961,12.914472,12.897226,12.932476,12.999298,13.0584,13.075434,13.04519 1,-1,7,9.590586,9.54069,9.539409,9.587507,9.656387,9.705689,9.706948,9.66152 1,-1,7,13.409972,13.367047,13.375101,13.429346,13.497712,13.540224,13.532267,13.48487 1,-1,7,10.190866,10.167838,10.197849,10.263005,10.324894,10.347572,10.317997,10.24741
0,1,7,7.707098,7.699881,7.74364,7.812224,7.865358,7.872423,7.829384,7.760948 1,-1,7,4.748866,4.713931,4.732096,4.79228,4.858501,4.892403,4.874836,4.81388 1,-1,7,9.499192,9.435662,9.40987,9.437224,9.501387,9.564482,9.589857,9.560009 1,-1,7,13.157929,13.097818,13.079354,13.113511,13.180015,13.239753,13.257994,13.22888 1,-1,7,9.716745,9.665525,9.662284,9.70896,9.777793,9.828429,9.831614,9.78768 1,-1,7,13.496559,13.45249,13.459075,13.512398,13.580928,13.624581,13.618076,13.57156 1,-1,7,10.180687,10.155757,10.183929,10.248401,10.311145,10.3357,10.307943,10.23806
0,1,7,7.628673,7.618876,7.660606,7.728904,7.783623,7.793212,7.752197,7.684109 1,-1,7,4.801523,4.762968,4.776951,4.834942,4.902199,4.939668,4.926147,4.867263 1,-1,7,9.713076,9.648975,9.621771,9.647705,9.711291,9.774984,9.801762,9.773396 1,-1,7,13.346104,13.285407,13.265765,13.298849,13.365022,13.425359,13.444768,13.41676 1,-1,7,9.850425,9.797955,9.792809,9.838061,9.906796,9.958692,9.963753,9.921311 1,-1,7,13.589213,13.544036,13.549168,13.601556,13.670218,13.714979,13.709909,13.66429 1,-1,7,10.179337,10.152522,10.178828,10.24256,10.306106,10.332522,10.306609,10.2375
0,1,7,7.561354,7.548942,7.58854,7.656448,7.712707,7.724856,7.68596,7.618316 1,-1,7,4.872122,4.830179,4.840025,4.895654,4.963682,5.004507,4.994985,4.938325 1,-1,7,9.931416,9.866799,9.838257,9.862819,9.925825,9.990061,10.01817,9.991233 1,-1,7,13.538312,13.477065,13.456284,13.488314,13.554146,13.615046,13.635586,13.60866 1,-1,7,9.991329,9.937682,9.930686,9.97452,10.043108,10.096195,10.103076,10.06211 1,-1,7,13.687821,13.641572,13.645267,13.69671,13.765472,13.811307,13.807656,13.76293 1,-1,7,10.186831,10.158158,10.182573,10.245511,10.309806,10.338059,10.314012,10.24573
0,1,7,7.505432,7.490378,7.527749,7.595159,7.652902,7.667636,7.63095,7.563859 1,-1,7,4.959892,4.914814,4.920613,4.973751,5.042294,5.086242,5.080633,5.026317 1,-1,7,10.153926,10.088841,10.059032,10.082272,10.144694,10.209423,10.238795,10.21324 1,-1,7,13.734385,13.672619,13.650737,13.681734,13.747215,13.808647,13.830279,13.80441 1,-1,7,10.139154,10.0844,10.075611,10.118036,10.186434,10.240643,10.24929,10.20979 1,-1,7,13.792251,13.744964,13.747243,13.797733,13.866564,13.913438,13.911186,13.86736 1,-1,7,10.203145,10.172641,10.19515,10.257239,10.322227,10.352291,10.330125,10.26273
0,1,0,7.32219,7.305218,7.340931,7.407917,7.466684,7.483291,7.44826,7.381641 1,-1,0,4.900771,4.855297,4.857238,4.907857,4.976672,5.023437,5.021561,4.9721 1,-1,0,10.2349,10.17179,10.140342,10.161848,10.223475,10.288802,10.319798,10.298622 1,-1,0,13.78781,13.72059,13.69739,13.727136,13.792172,13.854217,13.877154,13.847731 1,-1,0,10.13744,10.079082,10.068393,10.109291,10.177437,10.232794,10.243312,10.20295 1,-1,0,13.74785,13.693363,13.694256,13.743796,13.812667,13.860535,13.859652,13.810529 1,-1,0,10.06879,10.042512,10.063414,10.124757,10.19028,10.221834,10.201256,10.140376
0,1,0,7.084982,7.066323,7.100548,7.167117,7.226748,7.244996,7.211456,7.1453 1,-1,0,4.790747,4.742638,4.740599,4.788464,4.857342,4.906857,4.908827,4.862147 1,-1,0,10.26529,10.201471,10.168237,10.18781,10.248509,10.314445,10.34721,10.327939 1,-1,0,13.77771,13.709824,13.685212,13.713591,13.778117,13.840797,13.865133,13.837065 1,-1,0,10.0735,10.01392,10.001252,10.040523,10.10835,10.164861,10.177326,10.138585 1,-1,0,13.63389,13.578471,13.577966,13.626527,13.695411,13.744263,13.744762,13.69662 1,-1,0,9.880163,9.852448,9.87182,9.932423,9.998416,10.031362,10.012299,9.952182
0,1,0,6.852699,6.832248,6.86486,6.930938,6.991452,7.011441,6.979514,6.9139 1,-1,0,4.697336,4.646645,4.640451,4.685266,4.753976,4.806202,4.812182,4.768561 1,-1,0,10.30432,10.239859,10.204879,10.222515,10.28224,10.348725,10.383221,10.365858 1,-1,0,13.77415,13.705618,13.679603,13.706601,13.770586,13.833871,13.859597,13.832898 1,-1,0,10.01814,9.957374,9.942714,9.980302,10.047749,10.105382,10.119806,10.082737 1,-1,0,13.52563,13.469283,13.467356,13.514902,13.583769,13.633602,13.635505,13.588381 1,-1,0,9.697148,9.667959,9.685729,9.745531,9.811974,9.846347,9.828868,9.769576
0,1,0,6.625859,6.603507,6.634366,6.699868,6.761281,6.783114,6.752935,6.687953 1,-1,0,4.621543,4.56837,4.557884,4.599353,4.667634,4.72249,4.732612,4.69232 1,-1,0,10.35191,10.286856,10.250174,10.265872,10.324581,10.391556,10.427741,10.412287 1,-1,0,13.77712,13.707978,13.680572,13.706175,13.769588,13.83345,13.860554,13.835236 1,-1,0,9.9715,9.909591,9.89293,9.928785,9.995788,10.054505,10.070898,10.035551 1,-1,0,13.4232,13.365937,13.362567,13.409061,13.477882,13.528689,13.532018,13.485948 1,-1,0,9.520069,9.48937,9.505464,9.564397,9.631269,9.667103,9.651278,9.592878
0,1,0,6.405038,6.380675,6.409628,6.474454,6.536775,6.560561,6.532277,6.46803 1,-1,0,4.564249,4.508737,4.493864,4.531708,4.599274,4.656634,4.670988,4.634282 1,-1,0,10.40793,10.342345,10.304008,10.317774,10.375427,10.442834,10.480663,10.467111 1,-1,0,13.78661,13.716901,13.688117,13.712315,13.775125,13.839532,13.868002,13.844077 1,-1,0,9.933708,9.870698,9.852035,9.886106,9.952602,10.012362,10.030728,9.997149 1,-1,0,13.32674,13.268571,13.263737,13.309141,13.377885,13.42966,13.434434,13.389455 1,-1,0,9.349266,9.317018,9.331365,9.389357,9.456631,9.493956,9.479856,9.422421
0,1,0,6.190883,6.16439,6.191272,6.255309,6.31854,6.34439,6.318161,6.254767 1,-1,0,4.526154,4.46849,4.449194,4.483158,4.549707,4.6094,4.628028,4.595135 1,-1,0,10.47224,10.406191,10.366248,10.378092,10.434654,10.502433,10.54186,10.5302 1,-1,0,13.80263,13.732373,13.702229,13.72501,13.787189,13.852111,13.88193,13.859407 1,-1,0,9.904861,9.840802,9.820138,9.852382,9.918306,9.979064,9.999401,9.967632 1,-1,0,13.23637,13.177316,13.170999,13.215278,13.283912,13.336645,13.342883,13.29903 1,-1,0,9.185086,9.151258,9.163781,9.220757,9.2884,9.327247,9.314944,9.258548
0,1,0,5.984107,5.955366,5.979994,6.043111,6.107244,6.135275,6.111272,6.048866 1,-1,0,4.507745,4.448157,4.42446,4.454328,4.519551,4.581364,4.604254,4.575365 1,-1,0,10.54471,10.47824,10.436744,10.446681,10.50212,10.570215,10.611189,10.601407 1,-1,0,13.82513,13.754373,13.722886,13.744244,13.805763,13.871169,13.90232,13.881205 1,-1,0,9.88504,9.819984,9.797327,9.827703,9.892993,9.9547,9.977,9.947079 1,-1,0,13.15223,13.092301,13.084484,13.1276,13.196091,13.24977,13.257489,13.214797 1,-1,0,9.027894,8.992452,9.003075,9.058955,9.126931,9.167324,9.156892,9.101614
0,1,0,5.785504,5.754397,5.776578,5.838623,5.903639,5.933964,5.912373,5.85111 1,-1,0,4.509265,4.448011,4.419995,4.445601,4.509197,4.57288,4.599964,4.575222 1,-1,0,10.62515,10.558325,10.515329,10.523378,10.577667,10.646022,10.688492,10.680568 1,-1,0,13.8541,13.782869,13.750059,13.769988,13.830821,13.896678,13.929143,13.909441 1,-1,0,9.874298,9.808302,9.783666,9.81214,9.876732,9.939335,9.963586,9.935546 1,-1,0,13.07443,13.013648,13.004316,13.046233,13.114547,13.169158,13.178374,13.136878 1,-1,0,8.878057,8.840979,8.849626,8.904324,8.972591,9.014553,9.006064,8.951988
0,1,0,5.595942,5.562354,5.581878,5.642681,5.708543,5.741277,5.722296,5.662348 1,-1,0,4.530693,4.468053,4.435862,4.457095,4.51878,4.584055,4.615212,4.59471 1,-1,0,10.71339,10.646263,10.601824,10.608007,10.661124,10.729684,10.773596,10.767508 1,-1,0,13.88949,13.817821,13.783709,13.802206,13.862328,13.928603,13.962361,13.944076 1,-1,0,9.872664,9.805788,9.779194,9.805734,9.869567,9.933011,9.959194,9.933065 1,-1,0,13.00309,12.941474,12.930613,12.971297,13.039396,13.094925,13.10565,13.065384 1,-1,0,8.735958,8.697218,8.703815,8.757244,8.825752,8.869301,8.862827,8.810039
0,1,0,5.416372,5.380193,5.39684,5.456206,5.52286,5.55811,5.541948,5.48351 1,-1,0,4.571748,4.508015,4.471844,4.488656,4.548175,4.614747,4.649807,4.63358 1,-1,0,10.80924,10.741863,10.696036,10.70038,10.752306,10.821019,10.866319,10.862041 1,-1,0,13.93124,13.85918,13.823789,13.840854,13.900239,13.966901,14.00193,13.985062 1,-1,0,9.880143,9.81245,9.783923,9.808504,9.871518,9.935746,9.963838,9.939642 1,-1,0,12.93832,12.875886,12.863486,12.902902,12.97075,13.027179,13.039424,13.000422 1,-1,0,8.601977,8.561559,8.566032,8.6181,8.686795,8.731943,8.727555,8.676144
0,1,0,5.247819,5.208952,5.222489,5.280201,5.347569,5.385436,5.372309,5.315598 1,-1,0,4.631909,4.567373,4.527461,4.539864,4.597,4.664571,4.70332,4.69135 1,-1,0,10.9125,10.844921,10.797763,10.8003,10.851018,10.919834,10.966467,10.963969 1,-1,0,13.97932,13.906889,13.870244,13.885876,13.944503,14.011518,14.047796,14.032343 1,-1,0,9.896715,9.828269,9.79784,9.820442,9.882579,9.947531,9.977504,9.955259 1,-1,0,12.88021,12.816987,12.803038,12.841153,12.908713,12.966022,12.979795,12.942089 1,-1,0,8.476501,8.434394,8.436672,8.487284,8.556105,8.602858,8.600624,8.550683
0,1,0,5.091377,5.04974,5.059932,5.115745,5.183726,5.224295,5.214424,5.159679 1,-1,0,4.710444,4.645385,4.602002,4.610065,4.664646,4.732923,4.775116,4.767333 1,-1,0,11.02295,10.955228,10.906796,10.907557,10.957058,11.025929,11.073839,11.07309 1,-1,0,14.03364,13.960884,13.923009,13.937213,13.995059,14.062396,14.099897,14.085857 1,-1,0,9.922334,9.853202,9.820906,9.841515,9.902721,9.968335,10.000155,9.979874 1,-1,0,12.82885,12.764868,12.749365,12.786146,12.853381,12.911548,12.926856,12.890476 1,-1,0,8.35991,8.316111,8.316126,8.365185,8.434064,8.482423,8.482408,8.434031
0,1,0,4.948195,4.903731,4.910338,4.963988,5.032447,5.075784,5.069392,5.016869 1,-1,0,4.806452,4.741129,4.694565,4.698407,4.75031,4.819013,4.864386,4.860675 1,-1,0,11.1404,11.072566,11.022919,11.021939,11.070214,11.139096,11.188228,11.189193 1,-1,0,14.09414,14.02109,13.982013,13.994793,14.05184,14.119466,14.158164,14.145532 1,-1,0,9.95693,9.887178,9.853056,9.871664,9.931888,9.998102,10.031731,10.01342 1,-1,0,12.78433,12.719612,12.702551,12.737969,12.804839,12.86384,12.880688,12.845663 1,-1,0,8.252584,8.207094,8.204782,8.25219,8.321055,8.371011,8.373277,8.326558
0,1,0,4.819455,4.772135,4.774928,4.826128,4.894899,4.941044,4.938345,4.888321 1,-1,0,4.918911,4.853556,4.804108,4.80389,4.853036,4.921913,4.970188,4.970399 1,-1,0,11.26461,11.196715,11.145907,11.143226,11.19027,11.25912,11.309419,11.312062 1,-1,0,14.16074,14.08743,14.047178,14.058541,14.114769,14.182653,14.222522,14.21129 1,-1,0,10.00041,9.930105,9.894202,9.910806,9.970001,10.036751,10.072146,10.055809 1,-1,0,12.74671,12.681295,12.662674,12.6967,12.763167,12.822976,12.841364,12.807723 1,-1,0,8.154888,8.107718,8.103022,8.148679,8.217449,8.268988,8.273589,8.228625
0,1,0,4.706343,4.656176,4.654939,4.703386,4.772269,4.821229,4.822423,4.775184 1,-1,0,5.046721,4.981536,4.9295,4.925413,4.971768,5.040591,5.091491,5.095445 1,-1,0,11.39537,11.32745,11.275538,11.271194,11.317008,11.385786,11.437197,11.441479 1,-1,0,14.23336,14.159816,14.118418,14.128372,14.183766,14.251876,14.292888,14.283048 1,-1,0,10.05266,9.981868,9.944232,9.958836,10.016958,10.084181,10.121297,10.106928 1,-1,0,12.71607,12.649978,12.6298,12.662406,12.72843,12.789021,12.808948,12.776716 1,-1,0,8.067171,8.018341,8.01121,8.055018,8.123607,8.176704,8.183691,8.140576
0,1,0,4.610009,4.557047,4.55159,4.596974,4.665734,4.717476,4.722741,4.678577 1,-1,0,5.188747,5.123905,5.069565,5.061821,5.105388,5.173962,5.227217,5.234717 1,-1,0,11.53245,11.464547,11.411585,11.405619,11.450205,11.518873,11.571344,11.577225 1,-1,0,14.31189,14.238156,14.195642,14.204198,14.258743,14.327048,14.369174,14.360716 1,-1,0,10.11354,10.04233,10.003012,10.015625,10.072634,10.140268,10.179055,10.166646 1,-1,0,12.69244,12.625714,12.603982,12.635144,12.700687,12.762029,12.783492,12.752692 1,-1,0,7.989762,7.939301,7.929691,7.971552,8.03987,8.094493,8.103907,8.062734
0,1,0,4.531523,4.475866,4.466037,4.508049,4.576416,4.630865,4.640345,4.599541 1,-1,0,5.343856,5.279499,5.223122,5.211944,5.252762,5.320923,5.376274,5.387111 1,-1,0,11.67563,11.607779,11.553822,11.546275,11.589638,11.658164,11.71164,11.71908 1,-1,0,14.39625,14.322352,14.278752,14.285922,14.339605,14.408076,14.451286,14.444198 1,-1,0,10.1829,10.111334,10.070391,10.081025,10.136887,10.20487,10.245276,10.234812 1,-1,0,12.67587,12.608542,12.585264,12.614959,12.679983,12.742045,12.765038,12.735693 1,-1,0,7.922963,7.870908,7.858786,7.898606,7.966556,8.022665,8.03454,7.995397
0,1,0,4.471824,4.413624,4.399318,4.437661,4.505342,4.562372,4.576168,4.538995 1,-1,0,5.510944,5.447184,5.389019,5.374635,5.412765,5.480379,5.537584,5.551547 1,-1,0,11.82469,11.756923,11.702022,11.692939,11.735085,11.803437,11.857868,11.866826 1,-1,0,14.48633,14.412303,14.367647,14.373444,14.426253,14.494861,14.539126,14.533395 1,-1,0,10.26056,10.188709,10.146196,10.154871,10.209554,10.277826,10.319797,10.31126 1,-1,0,12.66638,12.598494,12.573678,12.601886,12.666353,12.729102,12.753615,12.725744 1,-1,0,7.867045,7.813443,7.798784,7.836472,7.903957,7.9615,7.97586,7.938833
0,1,0,4.431674,4.37113,4.3523,4.386704,4.453383,4.512823,4.530985,4.497686 1,-1,0,5.688955,5.625879,5.566152,5.548786,5.584313,5.651273,5.71011,5.726986 1,-1,0,11.97941,11.911757,11.855962,11.845385,11.886326,11.954474,12.009811,12.020243 1,-1,0,14.58203,14.507901,14.46222,14.466659,14.518585,14.5873,14.632591,14.628201 1,-1,0,10.34635,10.274264,10.23024,10.236979,10.290457,10.35896,10.402438,10.395807 1,-1,0,12.664,12.595584,12.569244,12.595946,12.659819,12.723222,12.749244,12.722864 1,-1,0,7.82224,7.767148,7.749939,7.785412,7.852328,7.911246,7.928106,7.893274
0,1,0,4.411603,4.348963,4.325626,4.355858,4.421214,4.482846,4.505369,4.476146 1,-1,0,5.876897,5.814569,5.753483,5.733355,5.766374,5.8326,5.892866,5.912451 1,-1,0,12.13957,12.07206,12.015422,12.003395,12.043142,12.111061,12.167254,12.179119 1,-1,0,14.68323,14.609035,14.56236,14.565458,14.616491,14.685287,14.731572,14.728509 1,-1,0,10.44005,10.367796,10.322322,10.327152,10.379404,10.44808,10.493009,10.488255 1,-1,0,12.66872,12.599819,12.57197,12.59715,12.660392,12.724414,12.751931,12.727057 1,-1,0,7.788742,7.732225,7.712462,7.745642,7.811886,7.872112,7.891475,7.858911
0,1,2,4.199564,4.13637,4.111779,4.140854,4.205809,4.267976,4.291671,4.263625 1,-1,2,5.780577,5.715671,5.650163,5.630997,5.661833,5.72735,5.788745,5.810619 1,-1,2,12.013695,11.946142,11.88871,11.875784,11.914636,11.982366,12.039176,12.052102 1,-1,2,14.512891,14.444036,14.40218,14.399164,14.449696,14.518525,14.565353,14.563028 1,-1,2,10.26838,10.199572,10.15684,10.157128,10.208708,10.277455,10.323145,10.319405 1,-1,2,12.457115,12.392599,12.36884,12.388961,12.451996,12.516206,12.544195,12.519808 1,-1,2,7.57592,7.514784,7.490083,7.527067,7.593146,7.653656,7.673596,7.641577
0,1,2,3.899593,3.836433,3.811983,3.841268,3.906317,3.968364,3.991857,3.963685 1,-1,2,5.561075,5.49705,5.430541,5.408955,5.43754,5.502257,5.564715,5.588881 1,-1,2,11.76543,11.698076,11.64017,11.626217,11.664263,11.731811,11.789158,11.803028 1,-1,2,14.233008,14.164139,14.12191,14.118378,14.168564,14.237411,14.284607,14.28279 1,-1,2,9.986697,9.917859,9.874613,9.874204,9.925332,9.994118,10.04031,10.037251 1,-1,2,12.157311,12.092774,12.06896,12.089046,12.152066,12.216289,12.244317,12.219979 1,-1,2,7.277022,7.215999,7.191537,7.22879,7.294953,7.355322,7.374995,7.342751
0,1,2,3.599626,3.536508,3.512221,3.541751,3.606909,3.668816,3.692073,3.663754 1,-1,2,5.349395,5.286419,5.218927,5.194754,5.220854,5.284613,5.348133,5.374746 1,-1,2,11.519628,11.452495,11.39411,11.379085,11.416283,11.483627,11.541522,11.556373 1,-1,2,13.953959,13.885082,13.84247,13.838398,13.88822,13.957082,14.004659,14.00337 1,-1,2,9.706111,9.63725,9.59347,9.592318,9.64296,9.71178,9.758498,9.756162 1,-1,2,11.857516,11.792957,11.76909,11.789134,11.852138,11.916376,11.944446,11.920158 1,-1,2,6.978218,6.917319,6.893116,6.930661,6.996915,7.057128,7.076513,7.044025
0,1,2,3.299665,3.236596,3.212504,3.242325,3.307609,3.369349,3.392328,3.363837 1,-1,2,5.146505,5.084771,5.016336,4.989402,5.012764,5.075375,5.139943,5.169158 1,-1,2,11.276449,11.209564,11.1507,11.134552,11.170855,11.237971,11.296425,11.312297 1,-1,2,13.675798,13.606916,13.5639,13.559275,13.608716,13.677589,13.725559,13.72482 1,-1,2,9.426721,9.357845,9.313504,9.311565,9.361686,9.430534,9.477804,9.476234 1,-1,2,11.557732,11.493151,11.46923,11.489228,11.552214,11.616467,11.644581,11.620348 1,-1,2,6.679522,6.618759,6.59484,6.632702,6.699053,6.759094,6.778165,6.745412
0,1,2,2.999712,2.936703,2.912845,2.943015,3.008449,3.069986,3.092632,3.063935 1,-1,2,4.953484,4.893216,4.823905,4.794038,4.814384,4.875626,4.941204,4.973177 1,-1,2,11.036068,10.969457,10.9101,10.892792,10.928151,10.995012,11.054035,11.070969 1,-1,2,13.39858,13.329697,13.28627,13.281062,13.330103,13.398983,13.447358,13.447192 1,-1,2,9.148637,9.079754,9.034823,9.032049,9.081611,9.15048,9.198329,9.197571 1,-1,2,11.25796,11.193354,11.16937,11.189326,11.252295,11.316564,11.344724,11.320547 1,-1,2,6.380948,6.320335,6.296726,6.334935,6.40139,6.461242,6.479969,6.446929
0,1,2,2.699771,2.636834,2.613264,2.643863,2.709475,2.770761,2.793002,2.764055 1,-1,2,4.771529,4.712986,4.642897,4.609932,4.626962,4.686581,4.753103,4.787985 1,-1,2,10.798671,10.732366,10.67251,10.653994,10.688357,10.754934,10.814536,10.832575 1,-1,2,13.122365,13.053487,13.00963,13.003818,13.052438,13.121321,13.170116,13.170547 1,-1,2,8.871982,8.803103,8.757552,8.75389,8.802849,8.87173,8.920188,8.920293 1,-1,2,10.958201,10.89357,10.86952,10.889431,10.952381,11.016666,11.044875,11.020758 1,-1,2,6.082516,6.022069,5.998801,6.03739,6.103957,6.1636,6.181949,6.148593
0,1,2,2.399843,2.336999,2.313792,2.344926,2.410754,2.471724,2.493461,2.464204 1,-1,2,4.601953,4.545426,4.474698,4.438484,4.451883,4.509583,4.57695,4.614878 1,-1,2,10.564458,10.498492,10.43814,10.418362,10.451673,10.517933,10.578123,10.59731 1,-1,2,12.847215,12.778348,12.73405,12.727606,12.775783,12.844663,12.893891,12.894945 1,-1,2,8.596892,8.528029,8.481828,8.47722,8.525528,8.594411,8.643509,8.644531 1,-1,2,10.658454,10.593797,10.56968,10.589541,10.652471,10.716774,10.745033,10.720979 1,-1,2,5.784244,5.723983,5.701094,5.7401,5.806786,5.866197,5.884129,5.850427
0,1,2,2.099936,2.037212,2.014477,2.046301,2.112397,2.172951,2.194044,2.164394 1,-1,2,4.446173,4.391989,4.320804,4.281216,4.290658,4.346106,4.414177,4.455266 1,-1,2,10.333647,10.268058,10.2072,10.186115,10.218314,10.284221,10.345007,10.365389 1,-1,2,12.573202,12.504353,12.45959,12.452495,12.500204,12.569076,12.618753,12.620456 1,-1,2,8.323523,8.254693,8.207808,8.20219,8.249795,8.318665,8.368436,8.370437 1,-1,2,10.358722,10.294037,10.26985,10.289657,10.352566,10.416887,10.445201,10.421214 1,-1,2,5.486161,5.426109,5.40364,5.443107,5.509923,5.569072,5.586543,5.552459
0,1,2,1.800059,1.737498,1.715401,1.748146,1.814581,1.874571,1.894812,1.864645 1,-1,2,4.305687,4.254202,4.182796,4.139744,4.144904,4.19773,4.266315,4.310649 1,-1,2,10.10647,10.041298,9.979939,9.95749,9.988515,10.054029,10.115416,10.13704 1,-1,2,12.300403,12.231579,12.18635,12.178559,12.225776,12.294632,12.344772,12.347154 1,-1,2,8.05205,7.983271,7.935665,7.928972,7.975814,8.044656,8.095135,8.09818 1,-1,2,10.059006,9.994292,9.970029,9.98978,10.052666,10.117007,10.145379,10.121462 1,-1,2,5.188299,5.128481,5.106484,5.146463,5.213419,5.272273,5.289229,5.254722
0,1,2,1.500232,1.437903,1.416717,1.450752,1.517625,1.576806,1.595869,1.564992 1,-1,2,4.182036,4.133631,4.062291,4.015737,4.016306,4.066108,4.134964,4.182582 1,-1,2,9.883179,9.818469,9.756608,9.732742,9.762526,9.827604,9.889597,9.912511 1,-1,2,12.028898,11.960108,11.91438,11.905879,11.952576,12.021409,12.072029,12.075119 1,-1,2,7.782673,7.713967,7.665602,7.657758,7.703771,7.772567,7.82379,7.827951 1,-1,2,9.759308,9.694563,9.670218,9.689911,9.752773,9.817135,9.845567,9.821726 1,-1,2,4.890698,4.831148,4.809681,4.850232,4.917339,4.975858,4.992237,4.957257
0,1,2,1.200492,1.138523,1.118736,1.154708,1.222158,1.280085,1.297413,1.265504 1,-1,2,4.076752,4.03182,3.960888,3.910858,3.906558,3.952915,4.021742,4.072627 1,-1,2,9.664042,9.599844,9.537485,9.512147,9.540619,9.605212,9.667813,9.692068 1,-1,2,11.758779,11.690032,11.6438,11.634545,11.680692,11.749493,11.800609,11.80444 1,-1,2,7.515616,7.44701,7.397847,7.38877,7.43388,7.502606,7.554613,7.559968 1,-1,2,9.459629,9.39485,9.370421,9.39005,9.452887,9.51727,9.545767,9.522006 1,-1,2,4.59341,4.534166,4.513301,4.554494,4.621764,4.6799,4.695627,4.660118
0,1,2,0.900924,0.839584,0.822225,0.861404,0.929599,0.985351,0.999882,0.966333 1,-1,2,3.991289,3.95022,3.880086,3.82668,3.817287,3.859771,3.928217,3.982285 1,-1,2,9.449349,9.385717,9.322867,9.295999,9.323083,9.38714,9.450349,9.475995 1,-1,2,11.490142,11.42145,11.37469,11.364651,11.410217,11.478975,11.530605,11.535212 1,-1,2,7.251135,7.182661,7.132659,7.122261,7.166384,7.235012,7.287844,7.294479 1,-1,2,9.159971,9.095157,9.070637,9.090199,9.153008,9.217415,9.245981,9.222304 1,-1,2,4.296498,4.237608,4.217433,4.259353,4.326799,4.384491,4.399477,4.36337
0,1,2,0.601787,0.54182,0.529658,0.575052,0.643923,0.695137,0.704448,0.667907 1,-1,2,3.926942,3.890104,3.82119,3.764591,3.749955,3.788157,3.855824,3.912914 1,-1,2,9.239409,9.176401,9.113072,9.084617,9.110234,9.173696,9.237509,9.264598 1,-1,2,11.223094,11.15447,11.10716,11.096304,11.141253,11.209959,11.26212,11.267538 1,-1,2,6.989524,6.92122,6.870336,6.858518,6.90156,6.970057,7.023756,7.031765 1,-1,2,8.860335,8.795484,8.770867,8.790357,8.853137,8.917569,8.946208,8.922623 1,-1,2,4.000048,3.941572,3.922192,3.964941,4.032576,4.089751,4.103886,4.0671
