0,1,6,11.352943,11.416816,11.480219,11.506266,11.479944,11.416425,11.35267,11.326265 1,-1,6,8.955564,9.02425,9.076598,9.082384,9.038292,8.969714,8.920239,8.910845 1,-1,6,2.610599,2.679146,2.732714,2.741371,2.700412,2.632418,2.577187,2.567554 1,-1,6,3.015481,3.013372,3.06154,3.130423,3.179642,3.181641,3.135576,3.066546 1,-1,6,5.147575,5.202913,5.271017,5.312216,5.303105,5.248823,5.177181,5.138172 1,-1,6,7.466714,7.49198,7.555324,7.619249,7.646674,7.621922,7.564077,7.494697 1,-1,6,9.771623,9.825638,9.894045,9.936865,9.929412,9.875965,9.80559,9.764044
0,1,6,11.141155,11.20453,11.268426,11.295662,11.270542,11.20754,11.1433,11.115686 1,-1,6,8.688966,8.757563,8.810597,8.817455,8.774208,8.705742,8.65556,8.645076 1,-1,6,2.35058,2.418603,2.474616,2.487354,2.449944,2.382816,2.324682,2.310956 1,-1,6,3.153589,3.145509,3.189204,3.257815,3.31091,3.318587,3.277316,3.208409 1,-1,6,5.000952,5.054119,5.122658,5.166571,5.160904,5.108848,5.036964,4.995097 1,-1,6,7.479159,7.501838,7.564055,7.628943,7.658827,7.636614,7.580112,7.509639 1,-1,6,9.629674,9.682509,9.751109,9.795362,9.789751,9.737498,9.66681,9.623967
0,1,6,10.933496,10.996332,11.060715,11.089175,11.065312,11.00287,10.93814,10.909292 1,-1,6,8.424614,8.493098,8.546849,8.554842,8.512504,8.444177,8.393258,8.381618 1,-1,6,2.101244,2.168284,2.227044,2.244715,2.211837,2.146158,2.084802,2.066084 1,-1,6,3.313174,3.299704,3.339016,3.406931,3.463254,3.47609,3.439444,3.371064 1,-1,6,4.868421,4.91914,4.987948,5.034608,5.032586,4.983023,4.91109,4.866331 1,-1,6,7.503587,7.523655,7.584651,7.650398,7.682683,7.663032,7.607951,7.536502 1,-1,6,9.495084,9.546664,9.615411,9.661104,9.657392,9.606407,9.535452,9.491308
0,1,6,10.730206,10.792457,10.857321,10.887039,10.864489,10.802653,10.73746,10.707327 1,-1,6,8.162728,8.231071,8.285567,8.294766,8.253407,8.18525,8.133562,8.120696 1,-1,6,1.866876,1.932167,1.993922,2.017564,1.990534,1.927221,1.862433,1.837631 1,-1,6,3.491293,3.473019,3.508137,3.575052,3.634023,3.651491,3.619218,3.551655 1,-1,6,4.75116,4.799141,4.868021,4.917427,4.91924,4.872443,4.800688,4.753037 1,-1,6,7.539882,7.557328,7.617015,7.683515,7.718136,7.701055,7.647467,7.57516 1,-1,6,9.368171,9.418419,9.487261,9.534398,9.53264,9.482997,9.411826,9.366382
0,1,6,10.53154,10.593156,10.658491,10.689501,10.668323,10.607144,10.54149,10.510044 1,-1,6,7.903551,7.971722,8.026994,8.037472,7.99717,7.929218,7.87673,7.862563 1,-1,6,1.653852,1.716126,1.780934,1.811734,1.792268,1.732733,1.664605,1.632505 1,-1,6,3.685258,3.662742,3.693917,3.759629,3.820749,3.842339,3.814146,3.747591 1,-1,6,4.650325,4.695271,4.763993,4.816109,4.821921,4.778167,4.706847,4.656345 1,-1,6,7.587874,7.602698,7.661,7.728145,7.765026,7.750511,7.698479,7.625433 1,-1,6,9.24925,9.298088,9.36697,9.415549,9.415797,9.367573,9.296242,9.249502
0,1,6,10.337762,10.39869,10.464484,10.496821,10.477076,10.416606,10.35051,10.317713 1,-1,6,7.647361,7.71532,7.771398,7.783237,7.744077,7.676372,7.623053,7.607501 1,-1,6,1.47147,1.528693,1.596159,1.635297,1.625492,1.571797,1.501055,1.460567 1,-1,6,3.892702,3.866457,3.893973,3.958361,4.021209,4.04645,4.022025,3.956593 1,-1,6,4.567004,4.60862,4.676925,4.731672,4.741616,4.701177,4.630573,4.577306 1,-1,6,7.647341,7.659559,7.716406,7.784089,7.823147,7.811185,7.760761,7.687094 1,-1,6,9.138634,9.185981,9.254843,9.304858,9.30716,9.260432,9.189001,9.140978
0,1,4,10.626539,10.685514,10.752368,10.788115,10.58565,10.713647,10.64655,10.610326 1,-1,4,7.739,7.805743,7.865025,7.882573,7.789913,7.781981,7.722061,7.704148 1,-1,4,1.9019,1.944827,2.013386,2.066973,1.770802,2.035952,1.968178,1.911824 1,-1,4,4.532894,4.50965,4.539937,4.605302,4.237974,4.689383,4.660067,4.59548 1,-1,4,5.093086,5.129798,5.197079,5.255179,4.923412,5.235038,5.168252,5.109163 1,-1,4,8.299748,8.310613,8.366656,8.434585,8.053278,8.46411,8.408717,8.340577 1,-1,4,9.605968,9.650684,9.719369,9.771722,9.471335,9.733353,9.664767,9.611831
0,1,4,10.451762,10.509901,10.577118,10.6142,10.824,10.542126,10.474685,10.437107 1,-1,4,7.501208,7.567525,7.627622,7.646749,7.964582,7.548074,7.487338,7.467803 1,-1,4,1.845867,1.879938,1.946722,2.00604,2.048979,1.99331,1.92814,1.866348 1,-1,4,4.741216,4.71495,4.742259,4.806519,4.463649,4.894946,4.868493,4.805062 1,-1,4,5.052873,5.086123,5.152439,5.212554,5.217065,5.199597,5.13389,5.072842 1,-1,4,8.375669,8.384158,8.438775,8.507058,8.346326,8.540805,8.486844,8.418397 1,-1,4,9.518436,9.561564,9.630064,9.683717,9.754726,9.648955,9.580591,9.526357
0,1,6,10.282768,10.340012,10.407566,10.446007,10.433174,10.376445,10.64655,10.269732 1,-1,6,7.268021,7.333843,7.39477,7.415564,7.384357,7.318989,7.725453,7.236177 1,-1,6,1.837723,1.861715,1.925026,1.988972,2.01748,1.995361,1.964833,1.868539 1,-1,6,4.958944,4.929967,4.954495,5.017613,5.081744,5.109861,4.66188,5.023824 1,-1,6,5.030261,5.059888,5.125,5.186958,5.210079,5.181311,5.165808,5.054099 1,-1,6,8.46155,8.467699,8.520852,8.589404,8.633286,8.627255,8.414511,8.506092 1,-1,6,9.439631,9.481104,9.549352,9.60428,9.614116,9.573219,9.6619,9.449638
0,1,6,10.119847,10.176131,10.243994,10.283815,10.272639,10.216887,10.47468,10.108489 1,-1,6,7.039894,7.105142,7.16691,7.189464,7.159937,7.095193,7.490706,7.009738 1,-1,6,1.878091,1.891507,1.949802,2.016886,2.054319,2.041973,1.924273,1.918235 1,-1,6,5.184895,5.153485,5.175427,5.237392,5.302466,5.332999,4.870534,5.25062 1,-1,6,5.025488,5.051364,5.115039,5.178644,5.205471,5.180364,5.131605,5.053128 1,-1,6,8.557093,8.560943,8.612603,8.681341,8.726949,8.723172,8.49275,8.603359 1,-1,6,9.369771,9.409524,9.477453,9.533625,9.545534,9.50635,9.577575,9.381889
0,1,6,9.963298,10.018555,10.086694,10.127915,10.118454,10.063745,10.30869,9.95368 1,-1,6,6.817339,6.881923,6.944538,6.968946,6.941232,6.877205,7.260767,6.789006 1,-1,6,1.963983,1.967134,2.019338,2.087976,2.133126,2.13022,1.930047,2.011917 1,-1,6,5.418039,5.384443,5.403984,5.464805,5.530655,5.563368,5.088327,5.48445 1,-1,6,5.038604,5.060642,5.122658,5.187694,5.218134,5.196764,5.114799,5.069939 1,-1,6,8.661977,8.663577,8.713721,8.782568,8.829815,8.828245,8.580771,8.709878 1,-1,6,9.309061,9.347029,9.414569,9.471949,9.485948,9.448539,9.501977,9.323305
0,1,6,9.813424,9.867586,9.935965,9.978601,9.970913,9.917315,10.14884,9.805606 1,-1,6,6.600916,6.664733,6.728194,6.754555,6.728796,6.665593,7.036106,6.574556 1,-1,6,2.089792,2.083611,2.129256,2.198059,2.249496,2.255222,1.981751,2.143828 1,-1,6,5.657486,5.621926,5.639242,5.69894,5.765427,5.800108,5.314136,5.724455 1,-1,6,5.06947,5.087624,5.147779,5.214018,5.247945,5.230348,5.115562,5.104358 1,-1,6,8.775867,8.775271,8.823885,8.892768,8.941568,8.942153,8.678276,8.825314 1,-1,6,9.257679,9.293803,9.360882,9.419428,9.435529,9.39995,9.435317,9.274061
0,1,6,9.670538,9.723532,9.792109,9.836173,9.830315,9.7779,9.99545,9.66458 1,-1,6,6.391252,6.454184,6.518481,6.546895,6.523243,6.460984,6.817245,6.367022 1,-1,6,2.248829,2.234559,2.273705,2.341641,2.397964,2.411268,2.075956,2.307419 1,-1,6,5.90247,5.86514,5.880396,5.939001,6.00601,6.04247,5.546982,5.969889 1,-1,6,5.117766,5.13203,5.190147,5.257357,5.294613,5.280789,5.133885,5.156031 1,-1,6,8.898418,8.895685,8.942759,9.011612,9.061879,9.064562,8.784947,8.949321 1,-1,6,9.215781,9.250005,9.316551,9.376217,9.394425,9.360729,9.377784,9.234305
0,1,6,9.534951,9.586704,9.655434,9.700934,9.696963,9.645802,9.848807,9.530912 1,-1,6,6.189031,6.250944,6.316059,6.346625,6.325243,6.264064,6.604763,6.167103 1,-1,6,2.434591,2.413519,2.446576,2.512986,2.572982,2.592759,2.207227,2.496471 1,-1,6,6.152329,6.113402,6.126749,6.184299,6.251732,6.289804,5.786016,6.220109 1,-1,6,5.183004,5.193414,5.249346,5.317295,5.357698,5.347608,5.169582,5.224447 1,-1,6,9.029277,9.024468,9.070003,9.138761,9.190411,9.195133,8.900456,9.081549 1,-1,6,9.183497,9.215769,9.281709,9.342444,9.362757,9.330993,9.329548,9.204161
0,1,6,9.406982,9.457416,9.526248,9.573188,9.57116,9.521328,9.709223,9.404918 1,-1,6,5.995006,6.055751,6.12165,6.154467,6.135528,6.075581,6.399292,5.975562 1,-1,6,2.641446,2.614745,2.642297,2.706828,2.769519,2.794742,2.369411,2.705652 1,-1,6,6.406493,6.366121,6.3777,6.434234,6.502012,6.541545,6.030502,6.474561 1,-1,6,5.264555,5.271183,5.324813,5.393277,5.436629,5.430203,5.222297,5.308957 1,-1,6,9.168089,9.161269,9.205268,9.273876,9.326824,9.333523,9.024465,9.221644 1,-1,6,9.160929,9.191204,9.256464,9.318212,9.340622,9.310834,9.290753,9.183723
0,1,6,9.286943,9.33598,9.404861,9.45324,9.453206,9.404779,9.577004,9.286908 1,-1,6,5.81,5.869407,5.936043,5.971204,5.954889,5.896344,6.201532,5.793231 1,-1,6,2.864828,2.833497,2.856175,2.918687,2.983327,3.0131,2.556631,2.930655 1,-1,6,6.66447,6.622788,6.632726,6.688287,6.756342,6.797205,6.279803,6.732766 1,-1,6,5.361673,5.364623,5.415869,5.484639,5.530727,5.527865,5.291521,5.408809 1,-1,6,9.314497,9.305733,9.348206,9.416613,9.470779,9.479391,9.156626,9.369253 1,-1,6,9.148149,9.176385,9.240894,9.303596,9.328088,9.300312,9.261518,9.173055
0,1,6,9.175146,9.222708,9.291577,9.34139,9.343399,9.296454,9.45246,9.177192 1,-1,6,5.634901,5.692781,5.760087,5.797681,5.784177,5.72722,6.012242,5.621006 1,-1,6,3.101168,3.066028,3.084435,3.144925,3.210956,3.244527,2.763805,3.168111 1,-1,6,6.925833,6.88296,6.891376,6.946006,7.014283,7.056358,6.533368,6.994306 1,-1,6,5.473531,5.472934,5.521742,5.590624,5.639232,5.639811,5.376616,5.523169 1,-1,6,9.468149,9.457509,9.498471,9.56663,9.621936,9.632395,9.296592,9.524027 1,-1,6,9.145197,9.171361,9.235049,9.298641,9.325193,9.299462,9.241935,9.172193
0,1,6,9.071896,9.117903,9.186697,9.237931,9.242029,9.196643,9.335899,9.076069 1,-1,6,5.470658,5.526805,5.594694,5.634795,5.624296,5.569132,5.832247,5.459844 1,-1,6,3.347723,3.309433,3.324116,3.382658,3.449674,3.486423,2.986784,3.415424 1,-1,6,7.190214,7.146256,7.153256,7.206999,7.27545,7.318633,6.79072,7.258823 1,-1,6,5.599245,5.59525,5.641599,5.71042,5.761332,5.765212,5.476842,5.651158 1,-1,6,9.6287,9.616252,9.655722,9.723592,9.779963,9.792202,9.444016,9.685623 1,-1,6,9.152083,9.176147,9.238946,9.303362,9.331947,9.308286,9.232063,9.181139
0,1,6,8.977489,9.021861,9.090512,9.14315,9.149377,9.105626,9.227622,8.983831 1,-1,6,5.31828,5.372466,5.440827,5.483496,5.476194,5.423045,5.662435,5.310751 1,-1,6,3.602395,3.561484,3.572919,3.629627,3.69733,3.736754,3.222287,3.6706 1,-1,6,7.45729,7.41234,7.418024,7.470921,7.539508,7.583704,7.051443,7.526002 1,-1,6,5.737904,5.730676,5.774569,5.843177,5.896181,5.903207,5.591386,5.791872 1,-1,6,9.795809,9.781622,9.819622,9.887166,9.94453,9.958485,9.598556,9.853704 1,-1,6,9.168786,9.190729,9.252574,9.317744,9.348328,9.326755,9.231936,9.199864
0,1,6,8.892205,8.934864,9.0033,9.057318,9.06571,9.02367,9.127925,8.900753 1,-1,6,5.178813,5.230794,5.299491,5.344768,5.340853,5.289953,5.503746,5.174772 1,-1,6,3.86358,3.820469,3.829067,3.884072,3.952246,3.993935,3.467765,3.93211 1,-1,6,7.726783,7.680925,7.685381,7.737472,7.806163,7.85129,7.315177,7.795569 1,-1,6,5.888595,5.878304,5.919768,5.988033,6.042926,6.052936,5.719388,5.944406 1,-1,6,9.969146,9.953288,9.989843,10.057031,10.115319,10.130923,9.759872,10.027944 1,-1,6,9.195251,9.215059,9.27589,9.341744,9.374286,9.354814,9.24155,9.228309
0,1,6,8.816309,8.857179,8.925324,8.980692,8.99128,8.951022,9.037091,8.827094 1,-1,6,5.053327,5.102845,5.171712,5.219614,5.219263,5.17086,5.357171,5.052965 1,-1,6,4.130043,4.085071,4.09118,4.144615,4.213105,4.256725,3.721243,4.198771 1,-1,6,7.998449,7.951756,7.955066,8.006391,8.075158,8.121142,7.581609,8.067284 1,-1,6,6.050418,6.037241,6.076319,6.144132,6.200722,6.213552,5.859967,6.107876 1,-1,6,10.148393,10.130931,10.16607,10.232873,10.29202,10.309209,9.927635,10.208029 1,-1,6,9.231394,9.249061,9.30882,9.375286,9.409741,9.392377,9.26088,9.266384
0,1,6,8.750046,8.789052,8.856828,8.913509,8.926316,8.887912,8.95539,8.763091 1,-1,6,4.942885,4.989674,5.058519,5.10903,5.112408,5.066752,5.223728,4.946376 1,-1,6,4.400825,4.354265,4.358183,4.410176,4.478868,4.524145,3.981194,4.46966 1,-1,6,8.272073,8.224612,8.226851,8.277446,8.346268,8.393041,7.850463,8.340939 1,-1,6,6.222504,6.206617,6.243369,6.31064,6.368748,6.384231,6.012239,6.281428 1,-1,6,10.333241,10.314242,10.347994,10.41439,10.474334,10.493044,10.10152,10.393654 1,-1,6,9.277103,9.292629,9.351264,9.41827,9.454588,9.439329,9.289862,9.313971
0,1,6,8.693636,8.730707,8.798034,8.855985,8.871026,8.834544,8.883075,8.708958 1,-1,6,4.848516,4.892306,4.960908,5.013981,5.021226,4.97857,5.104448,4.856009 1,-1,6,4.675176,4.627251,4.62923,4.679901,4.748712,4.795424,4.24643,4.744055 1,-1,6,8.547468,8.499299,8.500535,8.550435,8.619293,8.666795,8.121498,8.616349 1,-1,6,6.404027,6.385603,6.420098,6.486756,6.546218,6.564191,6.17534,6.46425 1,-1,6,10.523397,10.502924,10.535321,10.60129,10.661974,10.682143,10.28123,10.584528 1,-1,6,9.332237,9.345628,9.403092,9.470567,9.508693,9.495531,9.328406,9.370926
0,1,6,8.647272,8.682342,8.749138,8.808308,8.825594,8.791095,8.820375,8.66488 1,-1,6,4.771175,4.811702,4.879817,4.935364,4.946586,4.907173,5.000345,4.782783 1,-1,6,4.952501,4.903394,4.903649,4.95311,5.021979,5.069938,4.516019,5.021379 1,-1,6,8.824466,8.775642,8.775939,8.825178,8.894055,8.942232,8.394505,8.893349 1,-1,6,6.594207,6.573412,6.60573,6.671718,6.732382,6.752688,6.348435,6.655578 1,-1,6,10.718577,10.696692,10.727767,10.793293,10.854662,10.876229,10.46644,10.780372 1,-1,6,9.39663,9.4079,9.464151,9.532022,9.571899,9.560821,9.376395,9.437078
0,1,6,8.611116,8.644124,8.710305,8.770639,8.790172,8.757714,8.767498,8.63101 1,-1,6,4.7117,4.748715,4.816079,4.873976,4.889245,4.853302,4.912383,4.727494 1,-1,6,5.23233,5.182189,5.180905,5.229256,5.298139,5.347192,4.789226,5.301173 1,-1,6,9.102923,9.053492,9.052906,9.101515,9.170399,9.219203,8.669295,9.171796 1,-1,6,6.792317,6.76931,6.799535,6.864812,6.926541,6.949027,6.53073,6.854699 1,-1,6,10.918512,10.895276,10.925063,10.990131,11.052135,11.075042,10.65689,10.98092 1,-1,6,9.470092,9.479262,9.534262,9.602462,9.644027,9.635014,9.433685,9.512236
0,1,6,8.585297,8.616189,8.681671,8.743107,8.76488,8.734514,8.724622,8.607469 1,-1,6,4.670773,4.704053,4.77039,4.830472,4.849817,4.817543,4.841442,4.690776 1,-1,6,5.514279,5.463232,5.460566,5.507897,5.576762,5.62678,5.065466,5.583065 1,-1,6,9.382708,9.332713,9.331297,9.379307,9.448186,9.497573,8.945706,9.451562 1,-1,6,6.997683,6.972617,7.000834,7.06537,7.128041,7.152564,6.721476,7.060955 1,-1,6,11.122945,11.098417,11.126949,11.191551,11.254142,11.27833,10.85229,11.18592 1,-1,6,9.552416,9.55951,9.613228,9.681688,9.724878,9.717905,9.500109,9.596188
0,1,6,8.569908,8.598635,8.663338,8.725809,8.749807,8.721578,8.691895,8.594341 1,-1,6,4.648884,4.678241,4.743271,4.805338,4.828739,4.800303,4.788279,4.673069 1,-1,6,5.798041,5.746192,5.74228,5.788675,5.857498,5.90837,5.344268,5.866754 1,-1,6,9.663706,9.613186,9.610989,9.658427,9.727292,9.777223,9.223591,9.732534 1,-1,6,7.209686,7.182702,7.209,7.272776,7.336278,7.3627,6.919974,7.273739 1,-1,6,11.331633,11.30587,11.333182,11.397308,11.460441,11.485858,11.05237,11.39513 1,-1,6,9.643374,9.648422,9.700833,9.769489,9.814237,9.809274,9.575474,9.688705
0,1,6,8.565006,8.591527,8.65537,8.718805,8.745006,8.718951,8.669431,8.591676 1,-1,6,4.646302,4.67159,4.735042,4.798864,4.826254,4.801781,4.753491,4.674586 1,-1,6,6.083362,6.030801,6.025761,6.071292,6.140057,6.191691,5.625252,6.151992 1,-1,6,9.945815,9.894806,9.891872,9.938765,10.007609,10.058046,9.502821,10.01461 1,-1,6,7.427758,7.398989,7.423455,7.486461,7.550695,7.578888,7.125577,7.492495 1,-1,6,11.544346,11.517401,11.543527,11.607173,11.670806,11.697398,11.2569,11.608324 1,-1,6,9.742724,9.745762,9.796845,9.865634,9.911875,9.908888,9.659572,9.789545
0,1,6,8.570608,8.594892,8.657796,8.72212,8.750493,8.726643,8.657311,8.599481 1,-1,6,4.66306,4.684183,4.745801,4.811124,4.842389,4.821959,4.737482,4.695311 1,-1,6,6.370031,6.316833,6.310768,6.355502,6.424196,6.476513,5.908106,6.438571 1,-1,6,10.228941,10.177476,10.173846,10.220219,10.289035,10.339946,9.78328,10.297699 1,-1,6,7.651379,7.620948,7.64367,7.705902,7.770778,7.800624,7.337687,7.716713 1,-1,6,11.760864,11.732789,11.757765,11.820925,11.885021,11.912737,11.46563,11.825285 1,-1,6,9.850212,9.851279,9.901019,9.969882,10.017548,10.016499,9.752177,9.898454
0,1,6,8.586695,8.608715,8.670607,8.735743,8.76625,8.744626,8.655579,8.61773 1,-1,6,4.69895,4.715866,4.77542,4.841976,4.876959,4.860604,4.740442,4.73499 1,-1,6,6.657875,6.604104,6.597105,6.641101,6.709717,6.762648,6.192575,6.72632 1,-1,6,10.513004,10.46111,10.456823,10.502699,10.571483,10.622837,10.06487,10.58172 1,-1,6,7.880076,7.8481,7.869161,7.930621,7.996061,8.027448,7.555757,7.945933 1,-1,6,11.980982,11.951827,11.975685,12.038359,12.102881,12.131673,11.67833,12.045811 1,-1,6,9.965574,9.964713,10.0131,10.081983,10.131006,10.131852,9.85305,10.015167
0,1,6,8.613207,8.632949,8.693758,8.759624,8.79222,8.772837,8.664239,8.646355 1,-1,6,4.753539,4.766258,4.82355,4.891069,4.929578,4.917282,4.762337,4.793153 1,-1,6,6.946748,6.892461,6.884606,6.927918,6.996449,7.049936,6.478445,7.015096 1,-1,6,10.797928,10.745634,10.740724,10.786126,10.854872,10.906642,10.34749,10.866599 1,-1,6,8.113421,8.080006,8.099488,8.160182,8.226117,8.258941,7.779284,8.179733 1,-1,6,12.204505,12.174316,12.197091,12.259279,12.324193,12.354015,11.8948,12.269709 1,-1,6,10.088542,10.085799,10.132827,10.201676,10.251989,10.254688,9.961939,10.139416
0,1,6,8.140755,8.152278,8.208708,8.276524,8.316165,8.30487,8.683262,8.181054 1,-1,6,4.456159,4.452605,4.499417,4.568264,4.61875,4.622176,4.802906,4.507901 1,-1,6,7.729895,7.671196,7.65563,7.692547,7.759844,7.817877,6.765538,7.796869 1,-1,6,11.526747,11.471118,11.460833,11.502018,11.570211,11.625365,10.63106,11.594794 1,-1,6,8.523105,8.482304,8.493192,8.549242,8.61717,8.657336,8.007813,8.591239 1,-1,6,12.534809,12.49931,12.516286,12.575638,12.642315,12.677414,12.11483,12.601702 1,-1,6,9.969898,9.959457,10.000563,10.068746,10.12395,10.134221,10.07858,10.025646
0,1,6,8.213997,8.223095,8.278088,8.346287,8.387874,8.378955,8.71258,8.256251 1,-1,6,4.595127,4.587521,4.631262,4.699861,4.752967,4.760308,4.861683,4.64943 1,-1,6,8.026401,7.967491,7.95151,7.988049,8.055248,8.113521,7.053705,8.093281 1,-1,6,11.818618,11.762747,11.752043,11.792882,11.861013,11.916423,10.91551,11.886601 1,-1,6,8.781638,8.739859,8.749523,8.80484,8.872962,8.914117,8.240927,8.849939 1,-1,6,12.777687,12.741366,12.757401,12.816253,12.883166,12.919088,12.33823,12.844801 1,-1,6,10.129497,10.117334,10.157022,10.224935,10.281158,10.293127,10.20272,10.186246
0,1,7,8.297444,8.304152,8.357665,8.426159,8.469609,8.463032,8.410189,8.529438 1,-1,7,4.749003,4.737616,4.778329,4.846477,4.90189,4.912897,4.873308,4.709757 1,-1,7,8.323157,8.264052,8.247687,8.283874,8.350978,8.409473,8.425523,7.20481 1,-1,7,12.110885,12.054785,12.043685,12.084193,12.152261,12.207913,12.218864,11.05367 1,-1,7,9.042731,9.000043,9.008551,9.063159,9.131445,9.173522,9.165167,8.281041 1,-1,7,13.022945,12.98584,13.000965,13.059325,13.126454,13.163162,13.148224,12.36068 1,-1,7,10.295365,10.281541,10.319832,10.387442,10.444617,10.458226,10.420443,10.1051
0,1,7,8.390794,8.395153,8.447154,8.515856,8.561081,8.556806,8.505476,8.353057 1,-1,7,4.916388,4.901496,4.939258,5.006795,5.064224,5.07864,5.041922,4.57249 1,-1,7,8.620138,8.560853,8.544131,8.57999,8.647004,8.705703,8.722115,7.36504 1,-1,7,12.403523,12.347206,12.335728,12.375919,12.443926,12.499807,12.511135,11.19817 1,-1,7,9.306171,9.262636,9.27005,9.323975,9.392397,9.435334,9.42805,8.331771 1,-1,7,13.270453,13.2326,13.246846,13.304722,13.372047,13.409507,13.395433,12.39036 1,-1,7,10.467205,10.451782,10.488697,10.555975,10.614041,10.629229,10.592803,10.01552
0,1,7,8.493719,8.495778,8.546242,8.615072,8.661983,8.659963,8.610166,8.183876 1,-1,7,5.095951,5.077826,5.11274,5.179542,5.238722,5.256292,5.222338,4.451237 1,-1,7,8.917322,8.85787,8.840816,8.876367,8.943295,9.002182,9.018931,7.533813 1,-1,7,12.696505,12.639982,12.628144,12.668032,12.735978,12.792075,12.803762,11.34876 1,-1,7,9.571764,9.527439,9.533817,9.587083,9.655618,9.699358,9.693089,8.392924 1,-1,7,13.520088,13.481519,13.494916,13.552317,13.619819,13.657997,13.64476,12.42721 1,-1,7,10.644727,10.627766,10.66333,10.73025,10.789148,10.805856,10.770762,9.934195
0,1,6,8.605876,8.60569,8.6546,8.723481,8.771989,8.772171,8.249101,8.655043 1,-1,6,5.28645,5.265356,5.297542,5.363517,5.42421,5.444688,4.576396,5.348017 1,-1,6,9.214687,9.155082,9.137716,9.172979,9.239825,9.298887,7.829587,9.281233 1,-1,6,12.989806,12.93309,12.920908,12.960505,13.028391,13.084694,11.63981,13.05754 1,-1,6,9.839335,9.794271,9.799669,9.8523,9.920928,9.965419,8.648169,9.908052 1,-1,6,13.771732,13.73248,13.745058,13.80199,13.869654,13.90852,12.66729,13.839544 1,-1,6,10.827653,10.809212,10.843452,10.909992,10.969665,10.987837,10.088,10.887777
0,1,6,10.444167,10.50446,10.570635,10.604132,10.585652,10.525824,8.324633,10.425403 1,-1,6,7.685377,7.752979,7.810194,7.823985,7.786477,7.719169,4.71734,7.647189 1,-1,6,1.610008,1.662353,1.730961,1.775998,1.773337,1.724364,8.125671,1.607072 1,-1,6,4.105195,4.080271,4.10903,4.173871,4.23618,4.260193,11.9313,4.168531 1,-1,6,4.750245,4.790229,4.858243,4.914173,4.926035,4.887162,8.906204,4.762516 1,-1,6,7.871984,7.883829,7.940455,8.008209,8.047579,8.035975,12.90987,7.912031 1,-1,6,9.304436,9.350923,9.419747,9.470552,9.474003,9.428122,10.24828,9.307948
0,1,6,10.680619,10.740321,10.806818,10.841347,10.824002,10.764765,8.410193,10.663013 1,-1,6,7.855446,7.922594,7.980985,7.99687,7.96117,7.894349,4.872699,7.8191 1,-1,6,1.883912,1.932934,2.001805,2.050208,2.051761,2.005646,8.422031,1.885603 1,-1,6,4.325462,4.303653,4.335334,4.40118,4.462088,4.483127,12.2232,4.387421 1,-1,6,5.043394,5.082629,5.150488,5.206945,5.219658,5.181461,9.166794,5.056518 1,-1,6,8.164749,8.177137,8.234065,8.301723,8.340655,8.32851,13.15483,8.204331 1,-1,6,9.587258,9.633202,9.701991,9.753283,9.757445,9.712089,10.41473,9.591492
0,1,6,8.494509,8.512284,8.572114,8.638541,8.672891,8.655446,8.50548,8.529439 1,-1,6,4.666621,4.675494,4.730559,4.798727,4.840299,4.831729,5.04114,4.709359 1,-1,6,7.140523,7.085026,7.075162,7.116869,7.185166,7.239896,8.718641,7.208596 1,-1,6,10.981001,10.927836,10.921567,10.965932,11.034578,11.087232,12.51549,11.049554 1,-1,6,8.212953,8.17761,8.19494,8.254549,8.32109,8.355826,9.429727,8.279828 1,-1,6,12.288324,12.256784,12.278124,12.339647,12.405049,12.436212,13.40202,12.353997 1,-1,6,10.058513,10.053862,10.099481,10.168245,10.219825,10.2244,10.58707,10.110652
0,1,6,8.316439,8.332302,8.391141,8.458054,8.494065,8.478505,8.61017,8.353061 1,-1,6,4.526517,4.531452,4.584084,4.652698,4.697247,4.692486,5.221397,4.572295 1,-1,6,7.301048,7.244146,7.231859,7.27158,7.339515,7.395684,9.015476,7.368712 1,-1,6,11.125594,11.071399,11.063486,11.106572,11.175062,11.228757,12.80813,11.193968 1,-1,6,8.263016,8.225567,8.24048,8.298809,8.365944,8.402767,9.694813,8.330439 1,-1,6,12.317535,12.284517,12.304258,12.365011,12.430915,12.463546,13.65133,12.383693 1,-1,6,9.967716,9.961107,10.005241,10.073863,10.126704,10.133206,10.76502,10.021117
0,1,6,8.145519,8.159375,8.217128,8.284492,8.322204,8.30862,8.723925,8.183872 1,-1,6,4.402417,4.403157,4.453019,4.521873,4.569429,4.568715,5.41229,4.451249 1,-1,6,7.470175,7.411995,7.397406,7.43518,7.502688,7.560169,9.312512,7.537369 1,-1,6,11.276314,11.221145,11.211635,11.253451,11.321752,11.376432,13.10111,11.344476 1,-1,6,8.323592,8.284112,8.296619,8.35361,8.421246,8.460086,9.961879,8.391471 1,-1,6,12.353959,12.319489,12.337626,12.397578,12.463945,12.498017,13.90264,12.420559 1,-1,6,9.885185,9.876588,9.919173,9.987595,10.041678,10.050134,10.94829,9.939825
0,1,7,8.566304,8.563889,8.611208,8.68007,8.730109,8.732479,8.68582,8.617006 1,-1,7,5.336561,5.312073,5.341032,5.405891,5.468174,5.491966,5.463807,5.398371 1,-1,7,9.433523,9.373272,9.354629,9.38874,9.455252,9.514984,9.533313,9.496373 1,-1,7,13.193685,13.136395,13.123203,13.161951,13.229654,13.286542,13.299572,13.26567 1,-1,7,9.989426,9.943122,9.946857,9.998397,10.067148,10.112883,10.10921,10.06009 1,-1,7,13.894772,13.85449,13.865822,13.922034,13.989923,14.029816,14.018616,13.96931 1,-1,7,10.862052,10.841909,10.8746,10.940661,11.001192,11.021044,10.988789,10.91725
0,1,7,8.467096,8.462397,8.508037,8.576805,8.62836,8.632969,8.587993,8.519315 1,-1,7,5.33803,5.309955,5.335348,5.398811,5.462622,5.489917,5.465242,5.401104 1,-1,7,9.623579,9.562528,9.542255,9.574872,9.64092,9.701477,9.721418,9.686037 1,-1,7,13.363138,13.305143,13.290682,13.32835,13.395803,13.453407,13.467693,13.43492 1,-1,7,10.095402,10.047687,10.049483,10.099717,10.16856,10.215711,10.213943,10.16621 1,-1,7,13.967361,13.925918,13.935822,13.991187,14.059304,14.100355,14.090566,14.04208 1,-1,7,10.838337,10.816385,10.847392,10.912893,10.974298,10.995935,10.965348,10.89438
0,1,7,8.377462,8.370432,8.414302,8.482897,8.535946,8.54284,8.499634,8.431171 1,-1,7,5.356327,5.324764,5.346517,5.408387,5.473531,5.504242,5.483114,5.420466 1,-1,7,9.819123,9.75734,9.735511,9.766673,9.832237,9.893552,9.915033,9.881169 1,-1,7,13.53712,13.478457,13.462764,13.499365,13.566551,13.624835,13.640341,13.60867 1,-1,7,10.209097,10.160036,10.159934,10.20885,10.277731,10.326232,10.326333,10.28 1,-1,7,14.045982,14.003409,14.011896,14.066399,14.134713,14.176893,14.168505,14.12084 1,-1,7,10.822888,10.799137,10.828431,10.89332,10.955557,10.978969,10.950078,10.87974
0,1,0,8.169781,8.161195,8.203857,8.272295,8.326306,8.334725,8.292736,8.224468 1,-1,0,5.233862,5.201168,5.21978,5.280155,5.34627,5.379801,5.361745,5.3023 1,-1,0,9.866034,9.806467,9.782797,9.812205,9.877146,9.939318,9.962616,9.933654 1,-1,0,13.56451,13.500496,13.483413,13.518794,13.585651,13.644679,13.66156,13.626549 1,-1,0,10.17174,10.11927,10.117281,10.164854,10.233722,10.283527,10.285484,10.238472 1,-1,0,13.97698,13.926957,13.934121,13.987802,14.056273,14.099486,14.092407,14.039125 1,-1,0,10.66227,10.642899,10.670833,10.735209,10.798064,10.822858,10.795318,10.731303
0,1,0,7.911131,7.901264,7.942918,8.011202,8.065981,8.07565,8.034684,7.966602 1,-1,0,5.058179,5.022849,5.038331,5.09711,5.164037,5.200265,5.185266,5.127498 1,-1,0,9.860005,9.799472,9.773832,9.801319,9.865531,9.928572,9.953813,9.926748 1,-1,0,13.52685,13.46203,13.443478,13.477548,13.544024,13.603814,13.622148,13.58844 1,-1,0,10.07125,10.017409,10.013493,10.059659,10.128462,10.179558,10.183411,10.137808 1,-1,0,13.83813,13.787132,13.792983,13.845834,13.914435,13.958653,13.952871,13.900428 1,-1,0,10.44889,10.428239,10.45492,10.518802,10.582195,10.60824,10.581945,10.518446
0,1,0,7.655499,7.644268,7.68483,7.752925,7.808503,7.819503,7.779642,7.711783 1,-1,0,4.894593,4.856529,4.868619,4.925547,4.993191,5.03222,5.020524,4.964685 1,-1,0,9.863104,9.801659,9.774071,9.79961,9.86303,9.926884,9.954048,9.928907 1,-1,0,13.49577,13.430157,13.410137,13.442871,13.508933,13.56946,13.589245,13.556864 1,-1,0,9.978781,9.923575,9.917697,9.962391,10.031073,10.083447,10.089228,10.045099 1,-1,0,13.70444,13.652467,13.656979,13.70896,13.777669,13.822897,13.81844,13.766871 1,-1,0,10.23985,10.217878,10.243243,10.306585,10.370512,10.397848,10.37286,10.309926
0,1,0,7.403198,7.390513,7.429892,7.497756,7.554164,7.566578,7.527915,7.460325 1,-1,0,4.744355,4.70348,4.711913,4.766708,4.834938,4.876857,4.86871,4.815076 1,-1,0,9.875319,9.813021,9.783514,9.807081,9.869653,9.93426,9.96332,9.940123 1,-1,0,13.47129,13.404923,13.383439,13.414815,13.480428,13.541666,13.5629,13.531867 1,-1,0,9.894542,9.837998,9.830127,9.873283,9.941785,9.995418,10.00316,9.960566 1,-1,0,13.57606,13.523118,13.526261,13.577337,13.646129,13.692369,13.689264,13.638607 1,-1,0,10.03542,10.012087,10.03607,10.098821,10.163277,10.191944,10.168329,10.106009
0,1,0,7.15458,7.140346,7.178438,7.246022,7.303292,7.317213,7.279847,7.21258 1,-1,0,4.60877,4.565039,4.569551,4.621904,4.690555,4.735422,4.731068,4.679937 1,-1,0,9.896617,9.833526,9.802133,9.823713,9.885379,9.950679,9.981604,9.960367 1,-1,0,13.45346,13.386367,13.363425,13.393422,13.458552,13.520474,13.54315,13.513485 1,-1,0,9.81875,9.760895,9.751003,9.792559,9.86082,9.915688,9.925416,9.884419 1,-1,0,13.45315,13.399238,13.400986,13.451118,13.519967,13.56722,13.565494,13.515786 1,-1,0,9.835896,9.811154,9.833686,9.89579,9.960767,9.990807,9.96863,9.906982
0,1,0,6.910043,6.894157,6.930847,6.998094,7.056256,7.071781,7.035826,6.968943 1,-1,0,4.489168,4.442572,4.442913,4.492492,4.561357,4.609199,4.60887,4.560556 1,-1,0,9.926939,9.863118,9.829877,9.849458,9.910166,9.976096,10.008851,9.989583 1,-1,0,13.4423,13.374516,13.350123,13.378724,13.443336,13.505914,13.530026,13.501746 1,-1,0,9.751602,9.692467,9.680534,9.720427,9.788383,9.844459,9.856193,9.816852 1,-1,0,13.33585,13.28098,13.281306,13.330456,13.399335,13.4476,13.447278,13.398557 1,-1,0,9.64158,9.615383,9.636392,9.697791,9.763276,9.794728,9.77406,9.713143
0,1,0,6.670035,6.652387,6.687549,6.754392,6.813473,6.830709,6.796287,6.729861 1,-1,0,4.386854,4.33743,4.333376,4.379837,4.448668,4.499467,4.503372,4.458198 1,-1,0,9.966205,9.901714,9.866669,9.884246,9.943946,10.010444,10.044987,10.027693 1,-1,0,13.43784,13.369388,13.343555,13.370742,13.434804,13.498007,13.523545,13.496666 1,-1,0,9.693278,9.632901,9.618909,9.65708,9.724665,9.781915,9.795674,9.758045 1,-1,0,13.22432,13.168496,13.167375,13.215504,13.284384,13.333658,13.334765,13.287068 1,-1,0,9.452792,9.425097,9.444507,9.505138,9.571114,9.60402,9.584932,9.52481
0,1,0,6.435064,6.415537,6.44903,6.515389,6.575416,6.594473,6.561722,6.495836 1,-1,0,4.303063,4.250901,4.242266,4.285261,4.353771,4.407459,4.415771,4.374058 1,-1,0,10.01431,9.949211,9.912408,9.927981,9.986628,10.05363,10.089918,10.074596 1,-1,0,13.44007,13.370991,13.34373,13.369489,13.432968,13.496766,13.523718,13.498254 1,-1,0,9.643938,9.582361,9.5663,9.602691,9.669839,9.728224,9.744019,9.708157 1,-1,0,13.11871,13.061935,13.059343,13.106412,13.175262,13.225541,13.228101,13.181466 1,-1,0,9.26987,9.240634,9.258369,9.318162,9.38461,9.419007,9.401574,9.342316
0,1,0,6.2057,6.184164,6.215832,6.281615,6.342607,6.363605,6.332675,6.267428 1,-1,0,4.238893,4.184137,4.170789,4.209981,4.277847,4.334301,4.347147,4.309203 1,-1,0,10.07112,10.005484,9.966973,9.980547,10.0381,10.105543,10.143528,10.130172 1,-1,0,13.44899,13.379322,13.350649,13.374967,13.437832,13.502192,13.530544,13.506507 1,-1,0,9.603721,9.540989,9.522854,9.557413,9.624055,9.683533,9.701368,9.667323 1,-1,0,13.01915,12.96144,12.957354,13.003325,13.072112,13.123389,13.127423,13.081889 1,-1,0,9.093167,9.062343,9.078324,9.137205,9.2041,9.240025,9.224325,9.166003
0,1,0,5.982591,5.958921,5.988593,6.053692,6.115664,6.138726,6.109784,6.045289 1,-1,0,4.195245,4.138099,4.119971,4.155049,4.221926,4.280965,4.298414,4.264516 1,-1,0,10.1365,10.070381,10.030216,10.041804,10.098224,10.166046,10.205677,10.194275 1,-1,0,13.46459,13.394369,13.3643,13.387167,13.449387,13.514277,13.544014,13.521412 1,-1,0,9.57274,9.508908,9.4887,9.521378,9.587446,9.647969,9.667845,9.635663 1,-1,0,12.92579,12.867159,12.861559,12.906392,12.975084,13.02735,13.032878,12.988482 1,-1,0,8.923055,8.890609,8.904754,8.962646,9.029958,9.067445,9.053555,8.996248
0,1,0,5.766461,5.740526,5.768012,5.832299,5.895258,5.920514,5.89374,5.83013 1,-1,0,4.172762,4.113482,4.09058,4.121278,4.186806,4.248195,4.270252,4.240632 1,-1,0,10.21027,10.143738,10.101975,10.111592,10.166848,10.234988,10.27621,10.266747 1,-1,0,13.48685,13.416109,13.384662,13.40607,13.467616,13.533003,13.564106,13.542948 1,-1,0,9.551086,9.486211,9.463937,9.49469,9.560115,9.621632,9.643542,9.613266 1,-1,0,12.83877,12.779228,12.772095,12.815751,12.884313,12.937556,12.944598,12.901378 1,-1,0,8.759914,8.725814,8.738041,8.794859,8.862554,8.901635,8.889633,8.833424
0,1,0,5.558125,5.529783,5.554875,5.618204,5.682142,5.709727,5.685318,5.622746 1,-1,0,4.171787,4.110668,4.083077,4.109188,4.173011,4.236467,4.263065,4.237903 1,-1,0,10.29227,10.225374,10.182071,10.18974,10.243801,10.3122,10.354959,10.347413 1,-1,0,13.51574,13.44451,13.411706,13.43165,13.492492,13.558343,13.590793,13.571083 1,-1,0,9.538823,9.472965,9.448639,9.477428,9.542142,9.604598,9.62853,9.600195 1,-1,0,12.7582,12.697777,12.689093,12.731534,12.799929,12.854138,12.86271,12.820703 1,-1,0,8.604145,8.568354,8.57858,8.634237,8.702272,8.742974,8.73294,8.677917
0,1,0,5.35849,5.327604,5.350076,5.412274,5.477172,5.50722,5.485392,5.424033 1,-1,0,4.192335,4.129704,4.097584,4.118971,4.180753,4.245956,4.276962,4.25637 1,-1,0,10.38229,10.315093,10.270309,10.276054,10.328899,10.397498,10.441736,10.436082 1,-1,0,13.5512,13.479529,13.445391,13.463867,13.52398,13.59026,13.624035,13.605777 1,-1,0,9.535987,9.46921,9.442852,9.469642,9.533581,9.596916,9.622851,9.596489 1,-1,0,12.68423,12.622931,12.612683,12.653871,12.722062,12.77722,12.787337,12.746579 1,-1,0,8.456153,8.418643,8.426786,8.481187,8.549516,8.591862,8.583876,8.530129
0,1,0,5.168568,5.135,5.154609,5.215477,5.281297,5.313941,5.294922,5.234978 1,-1,0,4.234092,4.17029,4.133869,4.150471,4.209914,4.276522,4.311738,4.295759 1,-1,0,10.48012,10.412684,10.366481,10.370332,10.421939,10.490684,10.536343,10.532553 1,-1,0,13.5932,13.521116,13.485667,13.502674,13.562032,13.628707,13.663785,13.646979 1,-1,0,9.542585,9.474956,9.446594,9.471358,9.534455,9.598609,9.626523,9.602159 1,-1,0,12.61695,12.55481,12.542984,12.582883,12.650832,12.706921,12.718595,12.679123 1,-1,0,8.316354,8.277102,8.283079,8.336128,8.404695,8.448703,8.442843,8.390469
0,1,0,4.989467,4.953089,4.969575,5.028886,5.095564,5.130932,5.114966,5.056665 1,-1,0,4.296441,4.231805,4.191366,4.203202,4.260053,4.327717,4.366894,4.355503 1,-1,0,10.58556,10.51793,10.470368,10.472358,10.522714,10.591551,10.638572,10.636613 1,-1,0,13.64166,13.569209,13.532475,13.548014,13.606593,13.673629,13.709985,13.69463 1,-1,0,9.5586,9.490187,9.459853,9.482569,9.544764,9.609671,9.639534,9.617189 1,-1,0,12.55648,12.493523,12.480109,12.518684,12.586351,12.643351,12.656592,12.618439 1,-1,0,8.185166,8.144156,8.147888,8.199483,8.268227,8.313908,8.310251,8.259348
0,1,0,4.822391,4.78309,4.796181,4.853678,4.921123,4.95933,4.946671,4.890268 1,-1,0,4.3785,4.313356,4.269219,4.276377,4.330442,4.398821,4.44167,4.434779 1,-1,0,10.69837,10.630603,10.581743,10.581908,10.631001,10.69988,10.748204,10.748041 1,-1,0,13.69653,13.62374,13.585749,13.599823,13.657601,13.724964,13.762571,13.748664 1,-1,0,9.583983,9.514858,9.482589,9.503242,9.564476,9.630072,9.661848,9.641534 1,-1,0,12.50292,12.439171,12.424162,12.461378,12.528723,12.586613,12.601429,12.564628 1,-1,0,8.063011,8.020233,8.021643,8.07168,8.140531,8.187891,8.186511,8.137179
0,1,0,4.668633,4.626317,4.635733,4.691127,4.759214,4.800359,4.791266,4.737043 1,-1,0,4.479188,4.413831,4.366338,4.36897,4.420114,4.488889,4.535098,4.532563 1,-1,0,10.81833,10.750469,10.700372,10.698751,10.746575,10.815449,10.865016,10.866612 1,-1,0,13.75772,13.684632,13.645411,13.658026,13.714983,13.782639,13.821471,13.809005 1,-1,0,9.618661,9.548894,9.514734,9.533316,9.593533,9.65975,9.693399,9.675125 1,-1,0,12.45636,12.391846,12.375236,12.411061,12.478044,12.536799,12.553194,12.517777 1,-1,0,7.950306,7.905757,7.904772,7.953144,8.022027,8.071063,8.072027,8.024372
0,1,0,4.529548,4.484157,4.489621,4.542595,4.61116,4.655313,4.650044,4.598308 1,-1,0,4.597281,4.531972,4.481472,4.479776,4.527923,4.596805,4.646052,4.647687 1,-1,0,10.9452,10.877291,10.826017,10.822651,10.869202,10.938027,10.988778,10.992094 1,-1,0,13.82515,13.751801,13.711379,13.722543,13.778658,13.846575,13.886603,13.875571 1,-1,0,9.662533,9.592197,9.556194,9.572701,9.631851,9.698622,9.734098,9.717866 1,-1,0,12.41687,12.351628,12.333416,12.367818,12.434398,12.493991,12.511969,12.477964 1,-1,0,7.847456,7.801145,7.797698,7.844297,7.913128,7.963827,7.967202,7.921326
0,1,0,4.406528,4.358042,4.359286,4.409497,4.478334,4.525531,4.524333,4.475411 1,-1,0,4.731476,4.666436,4.613271,4.607481,4.652609,4.721346,4.773308,4.778897 1,-1,0,11.07874,11.010827,10.958436,10.953367,10.998646,11.067381,11.119259,11.124252 1,-1,0,13.89873,13.825154,13.783563,13.793284,13.848542,13.916685,13.95788,13.948274 1,-1,0,9.715474,9.644641,9.606848,9.621283,9.67932,9.746577,9.78383,9.769635 1,-1,0,12.38452,12.318586,12.298774,12.331724,12.39786,12.458263,12.477822,12.445258 1,-1,0,7.754856,7.706797,7.70083,7.745547,7.814236,7.866578,7.872419,7.828427
0,1,0,4.300949,4.249399,4.246181,4.293269,4.362128,4.412361,4.415457,4.369687 1,-1,0,4.880444,4.815858,4.760351,4.750724,4.792854,4.861235,4.915603,4.924908 1,-1,0,11.21872,11.150838,11.097387,11.090661,11.134671,11.203277,11.256225,11.262853 1,-1,0,13.97836,13.904595,13.861864,13.870154,13.924539,13.992877,14.035209,14.027017 1,-1,0,9.777338,9.706079,9.666551,9.678925,9.735805,9.803482,9.84246,9.830292 1,-1,0,12.35938,12.292779,12.27137,12.302842,12.368493,12.429674,12.450812,12.419715 1,-1,0,7.672874,7.623095,7.614555,7.657283,7.725733,7.779687,7.788046,7.746039
0,1,0,4.214124,4.159598,4.151715,4.195313,4.263899,4.317108,4.32469,4.282409 1,-1,0,5.042876,4.978891,4.921344,4.908144,4.947335,5.015187,5.071669,5.084445 1,-1,0,11.36489,11.297081,11.242628,11.234289,11.277038,11.34548,11.399442,11.40766 1,-1,0,14.06395,13.990018,13.946181,13.953052,14.006551,14.075053,14.11849,14.1117 1,-1,0,9.847957,9.77634,9.735137,9.745465,9.801152,9.869182,9.909828,9.899672 1,-1,0,12.34148,12.274253,12.251253,12.281222,12.346347,12.408275,12.430985,12.401378 1,-1,0,7.601855,7.550394,7.53924,7.579874,7.647982,7.703508,7.714424,7.674503
0,1,2,3.988191,3.933328,3.924941,3.968193,4.036739,4.090216,4.098264,4.0564 1,-1,2,4.927044,4.860223,4.797798,4.785329,4.822256,4.889596,4.947551,4.962916 1,-1,2,11.229373,11.161203,11.10562,11.09661,11.138474,11.206782,11.261426,11.270744 1,-1,2,13.88529,13.816643,13.77759,13.77838,13.831417,13.899991,13.943988,13.93792 1,-1,2,9.664669,9.596335,9.557759,9.56368,9.618784,9.68696,9.728387,9.7192 1,-1,2,12.122793,12.060311,12.04182,12.066454,12.131435,12.193553,12.216678,12.187474 1,-1,2,7.382159,7.325698,7.309371,7.354521,7.422578,7.478307,7.489577,7.449963
0,1,2,3.698377,3.644389,3.637511,3.681991,3.750678,3.803157,3.809736,3.766765 1,-1,2,4.689145,4.623015,4.55929,4.544214,4.578916,4.645673,4.704952,4.722782 1,-1,2,10.972562,10.904538,10.84845,10.838415,10.879518,10.947698,11.00291,11.013165 1,-1,2,13.599912,13.531228,13.49183,13.492155,13.544903,13.613518,13.657859,13.652243 1,-1,2,9.375614,9.307209,9.268187,9.273537,9.328308,9.396559,9.438423,9.429792 1,-1,2,11.823047,11.760595,11.74219,11.766894,11.831907,11.893985,11.917027,11.887753 1,-1,2,7.089329,7.033232,7.01752,7.063249,7.131408,7.186738,7.197367,7.157239
0,1,2,3.410324,3.357391,3.352284,3.39817,3.466973,3.518258,3.523125,3.478887 1,-1,2,4.458744,4.393492,4.32844,4.310497,4.342671,4.408675,4.469329,4.489856 1,-1,2,10.717996,10.650139,10.59353,10.582427,10.622723,10.690755,10.746551,10.757785 1,-1,2,13.315177,13.246457,13.20669,13.206542,13.258986,13.327641,13.372338,13.367194 1,-1,2,9.087269,9.018794,8.9793,8.984041,9.038454,9.106781,9.149107,9.141068 1,-1,2,11.523314,11.460895,11.44257,11.467358,11.532404,11.594439,11.617395,11.588046 1,-1,2,6.797125,6.741429,6.726387,6.772739,6.841001,6.895893,6.905824,6.865145
0,1,2,3.124521,3.072878,3.069874,3.117382,3.186256,3.23609,3.23894,3.193242 1,-1,2,4.237065,4.172922,4.106539,4.085449,4.114743,4.179779,4.241842,4.265319 1,-1,2,10.465838,10.398171,10.34103,10.328807,10.368248,10.436109,10.492505,10.504764 1,-1,2,13.031126,12.962374,12.92223,12.921582,12.973706,13.042399,13.087465,13.082814 1,-1,2,8.799703,8.73116,8.691164,8.695257,8.749284,8.817687,8.860501,8.853093 1,-1,2,11.223595,11.16121,11.14298,11.167847,11.232928,11.294917,11.317782,11.288354 1,-1,2,6.505631,6.450377,6.436068,6.483093,6.551459,6.605867,6.615038,6.573762
0,1,2,2.841646,2.79161,2.791138,2.840523,2.90939,2.957434,2.95788,2.910486 1,-1,2,4.025549,3.9628,3.895116,3.870581,3.896593,3.960391,4.023872,4.050566 1,-1,2,10.216266,10.148816,10.09114,10.077736,10.116268,10.183934,10.240947,10.254278 1,-1,2,12.747807,12.679024,12.63849,12.637317,12.689104,12.757833,12.803284,12.799147 1,-1,2,8.512996,8.444386,8.403859,8.407259,8.460868,8.529346,8.572678,8.565944 1,-1,2,10.923891,10.861543,10.84341,10.868363,10.93348,10.995421,11.01819,10.988679 1,-1,2,6.214946,6.160184,6.146679,6.194433,6.262902,6.316773,6.325113,6.283191
0,1,1,1.521071,2.515902,1.443312,1.480785,1.548476,1.605676,1.621199,1.587045 1,-1,1,4.106884,3.915704,3.989034,3.940596,3.942007,3.992396,4.061223,4.108238 1,-1,1,9.835245,10.03853,9.708137,9.685358,9.715625,9.780876,9.842635,9.865051 1,-1,1,12.005018,12.51069,11.885442,11.882807,11.929869,11.998719,12.049003,12.051602 1,-1,1,7.757285,8.267356,7.637078,7.633598,7.680182,7.749012,7.799724,7.80313 1,-1,1,9.770769,10.62199,9.677935,9.702747,9.765862,9.83,9.857868,9.833448 1,-1,1,4.917807,5.887027,4.843111,4.880136,4.947499,5.005395,5.020643,4.984661
0,1,1,1.22274,2.247016,1.148297,1.188421,1.256669,1.31204,1.325037,1.289173 1,-1,1,3.998492,3.958982,3.884305,3.832482,3.82895,3.875885,3.944739,3.995106 1,-1,1,9.614545,9.994658,9.487327,9.46318,9.492144,9.556924,9.619299,9.643054 1,-1,1,11.733963,12.38883,11.613922,11.610544,11.657067,11.725891,11.776668,11.779999 1,-1,1,7.488718,8.139625,7.367795,7.363113,7.408821,7.477596,7.529086,7.533664 1,-1,1,9.470975,10.40452,9.378052,9.402815,9.465912,9.530066,9.557981,9.533622 1,-1,1,4.621284,5.631386,4.547654,4.585341,4.652869,4.710333,4.724859,4.688294
0,1,1,0.92549,1.987057,0.856753,0.901092,0.969874,1.022108,1.031098,0.992582 1,-1,1,3.910163,4.02422,3.80043,3.745336,3.736616,3.779648,3.848169,3.901811 1,-1,1,9.39824,9.959632,9.270966,9.245399,9.272984,9.33724,9.400231,9.425378 1,-1,1,11.46435,12.27311,11.343836,11.33968,11.385633,11.454421,11.50571,11.509806 1,-1,1,7.222627,8.021086,7.100974,7.095002,7.139752,7.208446,7.260756,7.266591 1,-1,1,9.171195,10.19123,9.078177,9.102887,9.165966,9.230136,9.258101,9.233807 1,-1,1,4.32524,5.380329,4.252834,4.291267,4.358971,4.415936,4.429643,4.39242
0,1,1,2.566926,1.740031,2.51412,2.562704,2.631586,2.680407,2.68208,2.635697 1,-1,1,3.979406,4.11037,3.852761,3.82057,3.841954,3.90376,3.968944,3.999941 1,-1,1,10.105603,9.933546,9.980046,9.964769,10.001828,10.069144,10.127115,10.142148 1,-1,1,12.574156,12.16368,12.458527,12.461514,12.512503,12.581301,12.627638,12.62469 1,-1,1,8.332602,7.91215,8.218513,8.223617,8.27611,8.344753,8.389416,8.384412 1,-1,1,10.679838,9.982407,10.593188,10.622316,10.687146,10.749458,10.77304,10.744321 1,-1,1,5.947232,5.134526,5.882402,5.924504,5.992871,6.047284,6.056518,6.01534
0,1,2,2.300566,2.247016,1.443311,2.287524,2.356348,2.407467,2.412609,2.369011 1,-1,2,4.019933,3.961937,3.986543,3.857818,3.874071,3.933363,4.000042,4.035534 1,-1,2,10.06109,9.994511,9.708683,9.917698,9.953014,10.019869,10.078909,10.095904 1,-1,2,12.452337,12.383461,11.89082,12.337035,12.386995,12.455852,12.503286,12.501836 1,-1,2,8.204948,8.136096,7.640666,8.091885,8.142882,8.211677,8.258017,8.255246 1,-1,2,10.463001,10.399733,9.682513,10.402445,10.466813,10.529678,10.5545,10.526999 1,-1,2,5.692601,5.636166,4.838509,5.665483,5.733609,5.789094,5.800102,5.760406
0,1,2,2.043552,1.987057,1.148297,2.019426,2.087943,2.141778,2.151235,2.111286 1,-1,2,4.082162,4.027027,3.881998,3.917749,3.928899,3.985392,4.053166,4.092864 1,-1,2,10.02536,9.959336,9.487977,9.879517,9.913044,9.979374,10.039439,10.0584 1,-1,2,12.336611,12.26773,11.61929,12.218655,12.267542,12.336424,12.384954,12.385032 1,-1,2,8.086413,8.01753,7.371391,7.969274,8.018671,8.087544,8.135563,8.135098 1,-1,2,10.250359,10.186546,9.382627,10.186664,10.250524,10.313941,10.340046,10.313824 1,-1,2,5.442595,5.385009,4.543015,5.410698,5.478508,5.535121,5.548058,5.510012
0,1,2,1.799889,1.740032,0.856752,1.761646,1.829381,1.886406,1.9013,1.866237 1,-1,2,4.165121,4.113022,3.798328,3.999345,4.005505,4.058984,4.127466,4.171036 1,-1,2,9.998507,9.933101,9.271725,9.850329,9.882023,9.947765,10.00881,10.029732 1,-1,2,12.227153,12.158302,11.3492,12.106554,12.15432,12.223193,12.272816,12.27445 1,-1,2,7.977405,7.908573,7.104579,7.856212,7.903899,7.972772,8.022464,8.024372 1,-1,2,10.042176,9.977825,9.082747,9.975239,10.038542,10.102507,10.129938,10.10506 1,-1,2,5.197883,5.139094,4.248151,5.160776,5.228175,5.285974,5.301012,5.264807
0,1,1,0.675795,0.612517,0.591939,0.629969,0.698115,0.754246,0.770501,0.739732 1,-1,1,4.000752,3.961052,3.895653,3.837827,3.824328,3.86347,3.931335,3.987805 1,-1,1,9.336169,9.274039,9.208916,9.181463,9.207166,9.270663,9.334443,9.361447 1,-1,1,11.319017,11.25576,11.197662,11.192046,11.236904,11.305601,11.35784,11.363374 1,-1,1,7.086148,7.021481,6.963275,6.954922,6.99784,7.066319,7.120117,7.128276 1,-1,1,8.940042,8.879491,8.84551,8.869093,8.931686,8.996275,9.025316,9.002142 1,-1,1,4.06666,4.003005,3.991593,4.028613,4.095997,4.153856,4.169184,4.133424
