0,1,6,11.352943,11.416816,11.480219,11.506266,11.479944,11.416425,11.35267,11.326265 1,-1,6,8.955564,9.02425,9.076598,9.082384,9.038292,8.969714,8.920239,8.910845 1,-1,6,2.610599,2.679146,2.732714,2.741371,2.700412,2.632418,2.577187,2.567554 1,-1,6,3.015481,3.013372,3.06154,3.130423,3.179642,3.181641,3.135576,3.066546 1,-1,6,5.147575,5.202913,5.271017,5.312216,5.303105,5.248823,5.177181,5.138172 1,-1,6,7.466714,7.49198,7.555324,7.619249,7.646674,7.621922,7.564077,7.494697 1,-1,6,9.771623,9.825638,9.894045,9.936865,9.929412,9.875965,9.80559,9.764044
0,1,6,11.141155,11.20453,11.268426,11.295662,11.270542,11.20754,11.1433,11.115686 1,-1,6,8.688966,8.757563,8.810597,8.817455,8.774208,8.705742,8.65556,8.645076 1,-1,6,2.35058,2.418603,2.474616,2.487354,2.449944,2.382816,2.324682,2.310956 1,-1,6,3.153589,3.145509,3.189204,3.257815,3.31091,3.318587,3.277316,3.208409 1,-1,6,5.000952,5.054119,5.122658,5.166571,5.160904,5.108848,5.036964,4.995097 1,-1,6,7.479159,7.501838,7.564055,7.628943,7.658827,7.636614,7.580112,7.509639 1,-1,6,9.629674,9.682509,9.751109,9.795362,9.789751,9.737498,9.66681,9.623967
0,1,6,10.933496,10.996332,11.060715,11.089175,11.065312,11.00287,10.93814,10.909292 1,-1,6,8.424614,8.493098,8.546849,8.554842,8.512504,8.444177,8.393258,8.381618 1,-1,6,2.101244,2.168284,2.227044,2.244715,2.211837,2.146158,2.084802,2.066084 1,-1,6,3.313174,3.299704,3.339016,3.406931,3.463254,3.47609,3.439444,3.371064 1,-1,6,4.868421,4.91914,4.987948,5.034608,5.032586,4.983023,4.91109,4.866331 1,-1,6,7.503587,7.523655,7.584651,7.650398,7.682683,7.663032,7.607951,7.536502 1,-1,6,9.495084,9.546664,9.615411,9.661104,9.657392,9.606407,9.535452,9.491308
0,1,6,10.730206,10.792457,10.857321,10.887039,10.864489,10.802653,10.73746,10.707327 1,-1,6,8.162728,8.231071,8.285567,8.294766,8.253407,8.18525,8.133562,8.120696 1,-1,6,1.866876,1.932167,1.993922,2.017564,1.990534,1.927221,1.862433,1.837631 1,-1,6,3.491293,3.473019,3.508137,3.575052,3.634023,3.651491,3.619218,3.551655 1,-1,6,4.75116,4.799141,4.868021,4.917427,4.91924,4.872443,4.800688,4.753037 1,-1,6,7.539882,7.557328,7.617015,7.683515,7.718136,7.701055,7.647467,7.57516 1,-1,6,9.368171,9.418419,9.487261,9.534398,9.53264,9.482997,9.411826,9.366382
0,1,6,10.53154,10.593156,10.658491,10.689501,10.668323,10.607144,10.54149,10.510044 1,-1,6,7.903551,7.971722,8.026994,8.037472,7.99717,7.929218,7.87673,7.862563 1,-1,6,1.653852,1.716126,1.780934,1.811734,1.792268,1.732733,1.664605,1.632505 1,-1,6,3.685258,3.662742,3.693917,3.759629,3.820749,3.842339,3.814146,3.747591 1,-1,6,4.650325,4.695271,4.763993,4.816109,4.821921,4.778167,4.706847,4.656345 1,-1,6,7.587874,7.602698,7.661,7.728145,7.765026,7.750511,7.698479,7.625433 1,-1,6,9.24925,9.298088,9.36697,9.415549,9.415797,9.367573,9.296242,9.249502
0,1,6,10.337762,10.39869,10.464484,10.496821,10.477076,10.416606,10.35051,10.317713 1,-1,6,7.647361,7.71532,7.771398,7.783237,7.744077,7.676372,7.623053,7.607501 1,-1,6,1.47147,1.528693,1.596159,1.635297,1.625492,1.571797,1.501055,1.460567 1,-1,6,3.892702,3.866457,3.893973,3.958361,4.021209,4.04645,4.022025,3.956593 1,-1,6,4.567004,4.60862,4.676925,4.731672,4.741616,4.701177,4.630573,4.577306 1,-1,6,7.647341,7.659559,7.716406,7.784089,7.823147,7.811185,7.760761,7.687094 1,-1,6,9.138634,9.185981,9.254843,9.304858,9.30716,9.260432,9.189001,9.140978
0,1,6,10.149154,10.209338,10.275574,10.30927,10.291022,10.231318,10.16479,10.130617 1,-1,6,7.394466,7.46217,7.519084,7.53237,7.494446,7.427036,7.372855,7.355832 1,-1,6,1.332376,1.381564,1.450422,1.49867,1.500741,1.455586,1.383987,1.334706 1,-1,6,4.111584,4.082072,4.106218,4.169226,4.233453,4.261917,4.240949,4.176698 1,-1,6,4.502169,4.540176,4.607779,4.665033,4.679201,4.642333,4.572746,4.516848 1,-1,6,7.718019,7.727655,7.782989,7.851105,7.892251,7.882816,7.834043,7.759871 1,-1,6,9.036627,9.082404,9.151182,9.202619,9.20702,9.161866,9.0904,9.041109
0,1,6,9.966008,10.025387,10.092048,10.127135,10.110446,10.05157,9.984638,9.949049 1,-1,6,7.145217,7.212614,7.270394,7.285218,7.248636,7.181577,7.126503,7.107914 1,-1,6,1.25109,1.288618,1.356365,1.413445,1.429064,1.395319,1.325774,1.268709 1,-1,6,4.340176,4.307798,4.32886,4.390473,4.455797,4.487106,4.469298,4.406245 1,-1,6,4.456627,4.49077,4.55737,4.616964,4.635399,4.602329,4.534072,4.475723 1,-1,6,7.799604,7.806694,7.860466,7.928914,7.972053,7.96511,7.918021,7.843454 1,-1,6,8.943524,8.987652,9.056275,9.109117,9.115658,9.072153,9.000722,8.950187
0,1,6,9.788632,9.847142,9.914203,9.950713,9.935649,9.877664,9.810352,9.773319 1,-1,6,6.900009,6.967038,7.025712,7.042175,7.007048,6.940406,6.884409,6.864155 1,-1,6,1.239042,1.261884,1.325038,1.389116,1.418529,1.398249,1.334141,1.27193 1,-1,6,4.577021,4.54213,4.560376,4.620614,4.686803,4.720626,4.705698,4.643832 1,-1,6,4.430973,4.461035,4.526326,4.588046,4.61074,4.581661,4.515043,4.454468 1,-1,6,7.891757,7.896346,7.948517,8.0172,8.062234,8.057739,8.012359,7.937503 1,-1,6,8.859606,8.902005,8.970403,9.024623,9.03334,8.99156,8.920237,8.868485
0,1,6,9.617344,9.674916,9.742351,9.780311,9.766939,9.709913,9.642251,9.603745 1,-1,6,6.659287,6.725876,6.78547,6.803677,6.770133,6.703984,6.647041,6.625012 1,-1,6,1.298163,1.305438,1.360781,1.428797,1.470451,1.463996,1.407902,1.343872 1,-1,6,4.820907,4.783803,4.799483,4.858385,4.925255,4.961301,4.948996,4.88829 1,-1,6,4.425554,4.451365,4.515044,4.578644,4.605532,4.58059,4.515907,4.453366 1,-1,6,7.994113,7.996256,8.046797,8.115622,8.162453,8.160353,8.116693,8.041651 1,-1,6,8.785136,8.82573,8.893825,8.949393,8.960313,8.920332,8.849195,8.796261
0,1,6,9.452476,9.509039,9.576816,9.616252,9.60464,9.548643,9.480665,9.440663 1,-1,6,6.423559,6.489625,6.550161,6.570223,6.538402,6.472834,6.41492,6.391007 1,-1,6,1.419587,1.412794,1.458673,1.527507,1.578679,1.584762,1.537675,1.474509 1,-1,6,5.070813,5.031758,5.045101,5.102717,5.17012,5.208137,5.198224,5.138634 1,-1,6,4.440442,4.46189,4.523674,4.588878,4.619841,4.599129,4.536653,4.472432 1,-1,6,8.106284,8.106043,8.154933,8.223815,8.272342,8.272578,8.230647,8.15551 1,-1,6,8.720357,8.759071,8.826784,8.883662,8.896809,8.858697,8.787827,8.73375
0,1,6,9.294369,9.349846,9.417929,9.458864,9.449079,9.394188,9.325932,9.284411 1,-1,6,6.193391,6.258837,6.320332,6.342369,6.312424,6.24754,6.18864,6.162723 1,-1,6,1.589098,1.570925,1.607399,1.674842,1.732695,1.749188,1.71076,1.649959 1,-1,6,5.325895,5.285113,5.296324,5.352714,5.420531,5.460301,5.452569,5.394048 1,-1,6,4.475436,4.492469,4.552102,4.618617,4.653486,4.637044,4.57701,4.511412 1,-1,6,8.22787,8.225312,8.272542,8.3414,8.391522,8.39403,8.353824,8.27868 1,-1,6,8.665484,8.702249,8.769499,8.827642,8.843032,8.806855,8.736334,8.681162
0,1,6,9.143375,9.197687,9.266035,9.308487,9.300597,9.246889,9.178399,9.135342 1,-1,6,5.96943,6.034141,6.096605,6.12074,6.09284,6.02876,5.968862,5.94082 1,-1,6,1.793107,1.766245,1.794361,1.859278,1.921518,1.946238,1.915452,1.857566 1,-1,6,5.585441,5.543125,5.552392,5.607617,5.675751,5.717086,5.711346,5.653843 1,-1,6,4.53007,4.542697,4.59996,4.667487,4.706053,4.693864,4.636467,4.569795 1,-1,6,8.35846,8.353656,8.399223,8.467985,8.519604,8.524314,8.485824,8.41075 1,-1,6,8.620709,8.655458,8.722162,8.781519,8.79916,8.76498,8.694892,8.638678
0,1,6,8.99985,9.052915,9.12148,9.165465,9.159536,9.107093,9.038419,8.993812 1,-1,6,5.7524,5.816242,5.879677,5.906037,5.880366,5.817227,5.756333,5.726039 1,-1,6,2.021196,1.987823,2.008914,2.070925,2.135939,2.167032,2.142712,2.087759 1,-1,6,5.848859,5.805175,5.812663,5.866787,5.935163,5.977898,5.973981,5.917443 1,-1,6,4.603643,4.611932,4.666651,4.734898,4.776917,4.768915,4.7143,4.646849 1,-1,6,8.497638,8.490665,8.534574,8.603173,8.656191,8.663031,8.626241,8.55131 1,-1,6,8.586188,8.618861,8.684936,8.74545,8.765342,8.733216,8.663648,8.606448
0,1,6,8.864158,8.915889,8.98462,9.030147,9.026245,8.97515,8.906346,8.860183 1,-1,6,5.543113,5.605933,5.670326,5.699043,5.6758,5.613761,5.551885,5.519213 1,-1,6,2.266106,2.227837,2.243153,2.302292,2.369016,2.405039,2.386099,2.333864 1,-1,6,6.115649,6.070739,6.076599,6.129682,6.198238,6.242231,6.239985,6.18436 1,-1,6,4.695267,4.699333,4.751382,4.82007,4.865278,4.861351,4.809618,4.741666 1,-1,6,8.64499,8.635926,8.678188,8.746566,8.800889,8.809784,8.774672,8.699948 1,-1,6,8.562045,8.592589,8.657951,8.719559,8.741694,8.711673,8.642709,8.584587
0,1,0,8.635972,3.051348,3.087466,3.072904,3.015651,2.948029,2.910181,2.925553 1,-1,0,5.33213,4.529546,4.498255,4.432936,4.371315,4.350231,4.382579,4.448637 1,-1,0,2.234031,6.860343,6.791479,6.744119,6.746606,6.797439,6.866243,6.912767 1,-1,0,6.110129,7.939244,7.879987,7.86335,7.899322,7.966372,8.024992,8.041294 1,-1,0,4.52931,3.93504,3.868829,3.836068,3.85683,3.918347,3.983735,4.015292 1,-1,0,8.51757,5.232954,5.206433,5.233406,5.297513,5.360671,5.386432,5.360229 1,-1,0,8.343137,1.08714,1.140528,1.208939,1.252959,1.249976,1.201461,1.132599
0,1,0,8.367617,2.755065,2.792183,2.77892,2.722497,2.654599,2.615529,2.629616 1,-1,0,5.120527,4.3424,4.307916,4.24153,4.181655,4.164197,4.199862,4.266895 1,-1,0,2.11384,6.986986,6.918239,6.872903,6.87812,6.930743,6.999367,7.043889 1,-1,0,5.99249,8.180908,8.12244,8.107276,8.144515,8.211888,8.269724,8.28459 1,-1,0,4.25169,4.127977,4.062965,4.033742,4.058199,4.121343,4.185449,4.21362 1,-1,0,8.26336,5.532943,5.506431,5.533371,5.597454,5.660637,5.68643,5.660219 1,-1,0,8.043598,1.213066,1.254849,1.323325,1.377587,1.388692,1.351055,1.284058
0,1,0,8.101481,2.459682,2.498024,2.486373,2.431013,2.36282,2.322246,2.334717 1,-1,0,4.918128,4.168464,4.130614,4.063278,4.005505,3.992062,4.031213,4.099075 1,-1,0,2.031193,7.124018,7.055486,7.012165,7.019998,7.074265,7.142617,7.185151 1,-1,0,5.887801,8.426324,8.368625,8.354855,8.39327,8.460919,8.517992,8.531499 1,-1,0,3.977322,4.333112,4.269371,4.243434,4.271162,4.335608,4.39839,4.423418 1,-1,0,8.012318,5.832935,5.806431,5.833341,5.897401,5.960608,5.98643,5.960211 1,-1,0,7.744094,1.393265,1.42425,1.490251,1.550996,1.573052,1.545054,1.481496
0,1,0,7.837793,2.165569,2.20544,2.195838,2.141883,2.073389,2.030928,2.041305 1,-1,0,4.726115,4.009457,3.968099,3.899986,3.844725,3.835698,3.878468,3.946953 1,-1,0,1.990772,7.270852,7.202619,7.161293,7.171626,7.227396,7.295397,7.335968 1,-1,0,5.796763,8.675171,8.61822,8.605768,8.645278,8.713161,8.769494,8.781714 1,-1,0,3.706928,4.548793,4.486353,4.46345,4.49407,4.559553,4.621003,4.643129 1,-1,0,7.764751,6.132926,6.106429,6.133312,6.197353,6.260581,6.286429,6.260203 1,-1,0,7.444631,1.60961,1.631664,1.694256,1.758814,1.788999,1.768907,1.709051
0,1,0,7.576807,1.873325,1.915151,1.908235,1.856207,1.787447,1.742558,1.750129 1,-1,0,4.545805,3.867222,3.822258,3.753604,3.701318,3.697108,3.743575,3.812409 1,-1,0,1.995144,7.426907,7.359046,7.319684,7.332398,7.389538,7.457122,7.495762 1,-1,0,5.720028,8.927163,8.870939,8.859735,8.900262,8.968344,9.023961,9.034961 1,-1,0,3.441443,4.773591,4.712452,4.692339,4.725517,4.791821,4.85196,4.871414 1,-1,0,7.521003,6.432919,6.406428,6.433287,6.497309,6.560556,6.586427,6.560196 1,-1,0,7.145212,1.84946,1.864448,1.92358,1.990294,2.02646,2.012678,1.956241
0,1,0,7.318811,1.583983,1.628387,1.625121,1.575863,1.506981,1.458886,1.462524 1,-1,0,4.378645,3.74367,3.695063,3.626183,3.577372,3.578356,3.628526,3.697363 1,-1,0,2.044022,7.591614,7.524188,7.48675,7.501726,7.560113,7.627221,7.663973 1,-1,0,5.658179,9.182042,9.126522,9.1165,9.157975,9.226224,9.281148,9.290993 1,-1,0,3.182099,5.006279,4.946418,4.928864,4.964308,5.031259,5.090123,5.107122 1,-1,0,7.281457,6.732912,6.706427,6.733263,6.797269,6.860534,6.886426,6.860189 1,-1,0,6.845845,2.104794,2.11424,2.170211,2.238104,2.27872,2.269959,2.216507
0,1,0,7.064135,1.299485,1.3474,1.349324,1.304295,1.235725,1.183296,1.181101 1,-1,0,4.226194,3.640703,3.5885,3.519781,3.474973,3.481473,3.535256,3.603681 1,-1,0,2.134351,7.764423,7.697483,7.661924,7.679046,7.738561,7.805149,7.840057 1,-1,0,5.611706,9.439574,9.384735,9.375832,9.418192,9.486582,9.540836,9.549585 1,-1,0,2.930525,5.245807,5.187185,5.171978,5.209433,5.276893,5.334528,5.349273 1,-1,0,7.046541,7.032905,7.006426,7.033242,7.097232,7.160513,7.186425,7.160183 1,-1,0,6.546535,2.370615,2.375679,2.428883,2.497389,2.541376,2.536642,2.485745
0,1,0,6.813148,8.687765,8.756489,8.801947,8.797966,8.746825,8.678024,8.631913 1,-1,0,4.090099,5.39213,5.456162,5.483996,5.459872,5.397438,5.332701,5.304073 1,-1,0,2.261168,2.194592,2.203006,2.258333,2.3264,2.367835,2.360008,2.307121 1,-1,0,5.580996,6.059657,6.062933,6.114337,6.183095,6.229003,6.225814,6.175338 1,-1,0,2.688903,4.531833,4.58235,4.651171,4.698046,4.696377,4.6471,4.578218 1,-1,0,6.816734,8.500493,8.541584,8.609769,8.664973,8.675305,8.634851,8.566865 1,-1,0,6.247292,8.377121,8.442288,8.504166,8.526882,8.497428,8.432688,8.370282
0,1,0,6.566277,8.420121,8.488763,8.53341,8.528376,8.476542,8.4078,8.362482 1,-1,0,3.972039,5.18153,5.244493,5.269822,5.243205,5.179687,5.115926,5.089831 1,-1,0,2.418741,2.067708,2.067423,2.117282,2.186124,2.233709,2.233973,2.186776 1,-1,0,5.566307,5.939581,5.93971,5.988984,6.057859,6.106004,6.105879,6.057556 1,-1,0,2.460166,4.252375,4.301736,4.370607,4.418669,4.418685,4.370645,4.301774 1,-1,0,6.592571,8.244972,8.285026,8.35302,8.408969,8.420554,8.381149,8.313384 1,-1,0,5.948124,8.077707,8.142925,8.204733,8.227316,8.197749,8.132971,8.070613
0,1,0,6.324001,8.15473,8.223266,8.267038,8.260884,8.208324,8.139662,8.095202 1,-1,0,3.873665,4.980104,5.041796,5.06437,5.035097,4.97051,4.907923,4.884625 1,-1,0,2.601487,1.978535,1.968562,2.011392,2.079937,2.133606,2.142811,2.102659 1,-1,0,5.567768,5.832479,5.829336,5.876287,5.945137,5.995507,5.998563,5.952576 1,-1,0,2.248253,3.975912,4.02392,4.092801,4.142178,4.144103,4.097504,4.028703 1,-1,0,6.374647,7.992544,8.031479,8.099244,8.155964,8.168877,8.1306,8.063098 1,-1,0,5.649045,7.778337,7.84361,7.905344,7.927782,7.898096,7.833277,7.77097
0,1,0,6.08687,7.891819,7.96022,8.003045,7.995699,7.94238,7.873824,7.830292 1,-1,0,3.796507,4.78901,4.849196,4.868743,4.836652,4.771036,4.709852,4.689642 1,-1,0,2.804489,1.9323,1.912129,1.946411,2.01324,2.07246,2.091085,2.059213 1,-1,0,5.585364,5.739076,5.732552,5.776986,5.845653,5.898213,5.904554,5.861088 1,-1,0,2.058364,3.703115,3.749525,3.818355,3.86919,3.873294,3.828385,3.759738 1,-1,0,6.163623,7.743509,7.781237,7.848731,7.906248,7.920566,7.883505,7.816312 1,-1,0,5.35007,7.479018,7.54435,7.606003,7.628284,7.598469,7.533606,7.471356
0,1,0,5.855509,7.631644,7.699877,7.741676,7.733059,7.678946,7.610526,7.568003 1,-1,0,3.741879,4.609534,4.667944,4.684173,4.649108,4.582533,4.523019,4.50621 1,-1,0,3.023671,1.932089,1.901903,1.926481,1.990009,2.053754,2.081739,2.059015 1,-1,0,5.618947,5.660051,5.650058,5.691782,5.760092,5.814786,5.824496,5.78373 1,-1,0,1.897125,3.434857,3.479358,3.548049,3.600505,3.607108,3.564202,3.495828 1,-1,0,5.960233,7.498208,7.53463,7.601802,7.66014,7.675948,7.6402,7.573369 1,-1,0,5.051216,7.179756,7.245152,7.306716,7.328828,7.298873,7.233963,7.171774
0,1,0,5.63063,7.374495,7.44252,7.483205,7.473232,7.41829,7.350041,7.308615 1,-1,0,3.710774,4.443083,4.499411,4.512016,4.473835,4.406407,4.348874,4.335794 1,-1,0,3.255767,1.977916,1.938617,1.952984,2.01175,2.078635,2.115334,2.102077 1,-1,0,5.668229,5.596013,5.582487,5.621316,5.689082,5.745829,5.758972,5.721077 1,-1,0,1.772373,3.172291,3.214488,3.282906,3.33716,3.346646,3.306136,3.238209 1,-1,0,5.765285,7.257018,7.292027,7.358818,7.418002,7.435388,7.401058,7.33465 1,-1,0,4.752506,6.880558,6.946022,7.00749,7.029418,6.999311,6.934351,6.872229
0,1,0,5.413039,7.120699,7.18847,7.227944,7.216523,7.160715,7.09268,7.052449 1,-1,0,3.703786,4.291173,4.345078,4.353746,4.312331,4.2442,4.188998,4.179988 1,-1,0,3.498206,2.066721,2.019712,2.024096,2.07705,2.145586,2.189894,2.185843 1,-1,0,5.732808,5.547481,5.530385,5.566149,5.633175,5.691869,5.708481,5.673615 1,-1,0,1.692197,2.916953,2.956338,3.024283,3.080525,3.093357,3.055738,2.988509 1,-1,0,5.579662,7.020362,7.053839,7.120184,7.180233,7.199293,7.166495,7.100583 1,-1,0,4.453969,6.581434,6.646971,6.708333,6.730061,6.699789,6.634774,6.572725
0,1,0,5.203651,6.870629,6.938091,6.976245,6.963275,6.906567,6.838794,6.799869 1,-1,0,3.721051,4.1554,4.206507,4.210929,4.166198,4.097567,4.045084,4.04048 1,-1,0,3.748983,2.19329,2.140149,2.135364,2.182003,2.250856,2.301442,2.305883 1,-1,0,5.812172,5.514865,5.494193,5.526738,5.592822,5.653334,5.673426,5.641727 1,-1,0,1.663055,2.670917,2.706831,2.774005,2.832426,2.849153,2.815055,2.748885 1,-1,0,5.404328,6.788717,6.820532,6.886352,6.947284,6.968115,6.936977,6.871642 1,-1,0,4.155644,6.282392,6.348009,6.409255,6.430764,6.400312,6.335237,6.273269
0,1,0,5.003498,6.624706,6.691794,6.728507,6.713881,6.656236,6.588786,6.55129 1,-1,0,3.762234,4.037392,4.085303,4.085185,4.037103,3.968233,3.918891,3.919013 1,-1,0,4.006533,2.351532,2.293739,2.28092,2.321236,2.389387,2.444921,2.456884 1,-1,0,5.905727,5.498447,5.474227,5.503421,5.568362,5.630542,5.654092,5.62568 1,-1,0,1.687595,2.437003,2.46859,2.534545,2.59531,2.61658,2.5868,2.522212 1,-1,0,5.240314,6.56261,6.592621,6.657827,6.719654,6.742362,6.713021,6.648357 1,-1,0,3.857578,5.983447,6.04915,6.110267,6.131535,6.100886,6.035745,5.973867
0,1,0,4.813729,6.383409,6.450047,6.485185,6.468787,6.410171,6.343115,6.307185 1,-1,0,3.826564,3.938746,3.983052,3.978135,3.926729,3.857938,3.812178,3.817309 1,-1,0,4.269629,2.535525,2.474315,2.454671,2.489003,2.555775,2.615079,2.633527 1,-1,0,6.012809,5.498372,5.470663,5.496405,5.560005,5.623684,5.650642,5.625607 1,-1,0,1.763576,2.219046,2.245203,2.309271,2.372474,2.399022,2.37456,2.312301 1,-1,0,5.088715,6.342637,6.370687,6.435175,6.497904,6.522596,6.495202,6.431317 1,-1,0,3.559838,5.684613,5.750411,5.811383,5.832386,5.801519,5.736307,5.674528
0,1,0,4.635622,6.147283,6.213381,6.246794,6.228499,6.168882,6.102303,6.068094 1,-1,0,3.912899,3.860946,3.901244,3.89132,3.836692,3.768355,3.726621,3.736982 1,-1,0,4.537308,2.740086,2.676422,2.65108,2.679951,2.744959,2.807069,2.831015 1,-1,0,6.132711,5.514643,5.483535,5.50575,5.567823,5.632817,5.663105,5.64151 1,-1,0,1.884787,2.022214,2.041552,2.102748,2.168325,2.200936,2.183011,2.124128 1,-1,0,4.950671,6.129455,6.155376,6.219026,6.282655,6.309444,6.284159,6.221175 1,-1,0,3.262511,5.385908,5.451809,5.512621,5.533328,5.502221,5.436931,5.375263
0,1,0,4.470569,5.916948,5.982399,6.013922,5.993597,5.932953,5.86695,5.834634 1,-1,0,4.019822,3.805271,3.841185,3.826119,3.768448,3.700989,3.663701,3.679432 1,-1,0,4.808804,2.960955,2.895555,2.865492,2.889487,2.952561,3.016726,3.045297 1,-1,0,6.264695,5.547113,5.512727,5.531374,5.591749,5.657866,5.691376,5.673255 1,-1,0,2.043195,1.853249,1.864118,1.921033,1.988626,2.028038,2.018052,1.963951 1,-1,0,4.827346,5.9238,5.947407,6.010083,6.074599,6.103597,6.080596,6.018654 1,-1,0,2.965723,5.087356,5.15337,5.214001,5.234379,5.203005,5.137628,5.076085
0,1,0,4.320068,5.693107,5.757786,5.787233,5.764738,5.703047,5.637739,5.607507 1,-1,0,4.14574,3.772701,3.803906,3.78365,3.723198,3.657066,3.624597,3.645737 1,-1,0,5.083505,3.194752,3.128136,3.094165,3.113862,3.17497,3.240623,3.273074 1,-1,0,6.408016,5.595503,5.557981,5.573052,5.631577,5.69862,5.735221,5.720577 1,-1,0,2.23089,1.720383,1.721027,1.771774,1.840553,1.887261,1.886673,1.8391 1,-1,0,4.719894,5.726482,5.747578,5.809124,5.8745,5.90582,5.885291,5.82455 1,-1,0,2.669652,4.788984,4.855123,4.915549,4.935557,4.903883,4.838411,4.77701
0,1,0,4.185688,5.476553,5.540315,5.567483,5.54267,5.479922,5.415449,5.387514 1,-1,0,4.28898,3.763835,3.790079,3.764681,3.701784,3.637437,3.610084,3.636562 1,-1,0,5.360919,3.438842,3.371387,3.334169,3.350097,3.40929,3.47601,3.511725 1,-1,0,6.561931,5.659403,5.618911,5.630429,5.686973,5.754745,5.794287,5.783096 1,-1,0,2.441126,1.632452,1.621398,1.66373,1.732234,1.786216,1.796256,1.75712 1,-1,0,4.62942,5.53839,5.556765,5.617003,5.683198,5.71695,5.699091,5.63973 1,-1,0,2.374569,4.490828,4.557105,4.617296,4.636885,4.604875,4.539296,4.478056
0,1,0,4.069028,5.268189,5.330862,5.355529,5.328244,5.264443,5.20097,5.175567 1,-1,0,4.447869,3.778841,3.799961,3.769567,3.704619,3.642494,3.620456,3.652091 1,-1,0,5.640646,3.691181,3.623155,3.583225,3.595852,3.653228,3.720706,3.759175 1,-1,0,6.725712,5.738295,5.695012,5.70303,5.757488,5.825796,5.868114,5.860323 1,-1,0,2.66858,1.596899,1.57351,1.605246,1.671417,1.731873,1.75315,1.724139 1,-1,0,4.556935,5.360499,5.375931,5.434661,5.501612,5.5379,5.522919,5.465139 1,-1,0,2.080892,4.192937,4.259367,4.319287,4.338399,4.306006,4.240307,4.179255
0,1,0,3.971649,5.069024,5.130408,5.15233,5.12242,5.057586,4.995307,4.972693 1,-1,0,4.620793,3.817437,3.833367,3.798217,3.731649,3.672136,3.655503,3.692012 1,-1,0,5.922357,3.950191,3.881784,3.839573,3.849305,3.904983,3.97299,4.013799 1,-1,0,6.898657,5.83157,5.785686,5.790282,5.842574,5.911237,5.956154,5.951686 1,-1,0,2.909217,1.61718,1.582067,1.601759,1.663321,1.728641,1.760834,1.74294 1,-1,0,4.503309,5.193855,5.206116,5.263113,5.330735,5.369651,5.357765,5.301785 1,-1,0,1.789315,3.89537,3.96197,4.021574,4.040137,4.007306,3.941473,3.880639
0,1,7,4.813729,4.880183,4.94005,4.958964,4.926275,4.860452,4.799593,3.709685 1,-1,7,3.823769,3.878919,3.889692,3.8501,3.782355,3.725775,3.714526,4.587275 1,-1,7,4.267406,4.21464,4.145992,4.101846,4.109033,4.163137,4.231507,6.194704 1,-1,7,6.007434,5.938552,5.89026,5.891535,5.941605,6.010452,6.057786,7.195293 1,-1,7,1.760067,1.691288,1.646188,1.653617,1.708694,1.7768,1.818664,3.20497 1,-1,7,5.082277,5.039575,5.04843,5.103447,5.171628,5.213249,5.204675,4.688267 1,-1,7,3.563525,3.598207,3.664998,3.724228,3.742153,3.708817,3.64283,1.537774
0,1,7,4.635621,4.70291,4.760996,4.776624,4.741011,4.674271,4.615093,3.453916 1,-1,7,3.91027,3.962222,3.96796,3.924295,3.855802,3.802397,3.796408,4.573232 1,-1,7,4.534949,4.483568,4.414777,4.368977,4.373918,4.426572,4.495182,6.469497 1,-1,7,6.127338,6.058514,6.008009,6.006081,6.053897,6.122774,6.172339,7.492198 1,-1,7,1.881181,1.812634,1.759812,1.755923,1.803507,1.872388,1.922119,3.501446 1,-1,7,4.944344,4.898826,4.904043,4.956812,5.025409,5.069791,5.064745,4.88466 1,-1,7,3.266145,3.301556,3.368561,3.427344,3.444518,3.410591,3.344429,1.306848
0,1,7,4.470569,4.538563,4.594571,4.60662,4.567952,4.500403,4.443207,3.205825 1,-1,7,4.017364,4.066004,4.066904,4.019566,3.950723,3.900646,3.899707,4.578845 1,-1,7,4.806325,4.756214,4.687351,4.640127,4.643077,4.694396,4.763157,6.746439 1,-1,7,6.259335,6.190701,6.138174,6.133174,6.178728,6.247494,6.299109,7.78934 1,-1,7,2.039569,1.972518,1.914142,1.900548,1.940526,2.008645,2.06435,3.798475 1,-1,7,4.821156,4.772807,4.774164,4.824397,4.893234,4.940404,4.939093,5.091165 1,-1,7,2.969294,3.005571,3.072817,3.131054,3.147333,3.112708,3.046343,1.109483
0,1,6,4.320068,4.388592,4.442194,4.450367,4.408536,4.340327,2.91018,4.276963 1,-1,6,4.143454,4.188743,4.185058,4.134456,4.065613,4.018937,4.383573,4.074764 1,-1,6,5.080922,5.031973,4.96309,4.914631,4.915808,4.965901,6.868663,5.08206 1,-1,6,6.402677,6.334348,6.279982,6.272052,6.315352,6.383886,8.030231,6.4451 1,-1,6,2.227295,2.162409,2.100224,2.078678,2.11155,2.177951,3.987237,2.258005 1,-1,6,4.713867,4.662711,4.660004,4.707401,4.776269,4.826221,5.391161,4.782642 1,-1,6,2.673145,2.710469,2.777986,2.835546,2.850738,2.815274,1.196003,2.689255
0,1,6,4.185689,4.254518,4.305356,4.30936,4.264293,4.195624,2.615529,4.139275 1,-1,6,4.286865,4.328829,4.320847,4.267381,4.198835,4.155559,4.200667,4.218636 1,-1,6,5.358243,5.310362,5.241495,5.191957,5.191548,5.240514,7.001616,5.357846 1,-1,6,6.556621,6.488694,6.432665,6.421951,6.463024,6.531218,8.274988,6.596855 1,-1,6,2.43759,2.375121,2.310399,2.282481,2.309035,2.373245,4.188997,2.462472 1,-1,6,4.623586,4.569689,4.562745,4.606999,4.675654,4.728343,5.691159,4.691998 1,-1,6,2.377963,2.416574,2.484393,2.54109,2.554938,2.518449,1.345323,2.392755
0,1,6,4.069029,4.137887,4.185581,4.185141,4.136809,4.067933,2.322247,4.019301 1,-1,6,4.445921,4.484634,4.472663,4.416714,4.348703,4.308769,4.031811,4.378364 1,-1,6,5.637887,5.590986,5.522161,5.471676,5.469842,5.517772,7.144699,5.636107 1,-1,6,6.720438,6.652994,6.595467,6.582118,6.621003,6.688769,8.523276,6.758527 1,-1,6,2.665117,2.605069,2.53869,2.505701,2.526786,2.58865,4.40197,2.68495 1,-1,6,4.551324,4.494802,4.483486,4.524296,4.592466,4.6478,5.991157,4.619095 1,-1,6,2.084157,2.124386,2.192535,2.2481,2.260245,2.222477,1.539274,2.097252
0,1,6,3.971649,4.04021,4.084372,4.079243,4.027679,3.958901,2.030928,3.918669 1,-1,6,4.619006,4.654582,4.638935,4.580849,4.513559,4.476864,3.878839,4.55228 1,-1,6,5.919525,5.873527,5.804763,5.753438,5.750319,5.797295,7.297316,5.916493 1,-1,6,6.893423,6.82653,6.767657,6.751822,6.78857,6.855833,8.774796,6.929421 1,-1,6,2.90583,2.848082,2.780638,2.743603,2.760009,2.819561,4.624606,2.921325 1,-1,6,4.497949,4.438967,4.423194,4.460277,4.527665,4.585506,6.291155,4.56478 1,-1,6,1.792404,1.834721,1.903211,1.957236,1.967158,1.92775,1.763189,1.803233
0,1,6,3.764766,3.832922,3.87452,3.8662,3.812585,3.744059,1.742558,3.709685 1,-1,6,4.651254,4.683225,4.663583,4.603362,4.537103,4.504095,3.7437,4.585687 1,-1,6,6.194343,6.147842,6.07904,6.028183,6.025731,6.073167,7.458882,6.191957 1,-1,6,7.15494,7.088295,7.028898,7.012046,7.047887,7.11491,9.029278,7.190068 1,-1,6,3.186437,3.128839,3.061344,3.024022,3.039955,3.099206,4.855577,3.201563 1,-1,6,4.61732,4.556429,4.536858,4.570556,4.637023,4.696869,6.591153,4.683123 1,-1,6,1.526575,1.566029,1.634097,1.690062,1.703401,1.667201,2.007065,1.54133
0,1,6,3.510758,3.578416,3.617664,3.606561,3.551253,3.483067,1.458886,3.453916 1,-1,6,4.63591,4.663895,4.640058,4.5778,4.512919,4.483992,3.628386,4.571853 1,-1,6,6.467892,6.420399,6.351544,6.30163,6.30054,6.348931,7.628828,6.46683 1,-1,6,7.45219,7.385642,7.32605,7.308801,7.344271,7.41119,9.286478,7.48698 1,-1,6,3.481913,3.423709,3.356455,3.320069,3.336959,3.396649,5.093748,3.498021 1,-1,6,4.814967,4.752592,4.729797,4.760469,4.825959,4.887398,6.891151,4.879726 1,-1,6,1.287479,1.319634,1.386029,1.446131,1.467098,1.438243,2.26446,1.310986
0,1,6,3.264564,3.331492,3.36795,3.353663,3.296511,3.228859,1.183296,3.205825 1,-1,6,4.639953,4.663821,4.635868,4.571824,4.50861,4.483916,3.534838,4.577681 1,-1,6,6.743692,6.695303,6.626423,6.577393,6.577551,6.6268,7.806607,6.743846 1,-1,6,7.749652,7.683196,7.623425,7.605811,7.640937,7.707757,9.546176,7.784128 1,-1,6,3.778102,3.7194,3.652363,3.616767,3.634454,3.694506,5.338156,3.795037 1,-1,6,5.022766,4.959155,4.933446,4.961265,5.025712,5.088492,7.19115,5.086434 1,-1,6,1.079245,1.100191,1.162703,1.227306,1.258244,1.239971,2.531255,1.114302
0,1,7,0.957017,1.025607,1.071084,1.070553,1.024266,0.955581,0.904313,0.904941 1,-1,7,3.730041,3.718844,3.663461,3.595294,3.554609,3.566321,3.62319,3.690176 1,-1,7,8.084904,8.025578,7.958858,7.924073,7.942047,8.001993,8.068356,8.103956 1,-1,7,9.788648,9.72042,9.665546,9.656574,9.69887,9.767249,9.821555,9.835711 1,-1,7,5.593116,5.526061,5.467566,5.452561,5.490153,5.557641,5.615197,5.633397 1,-1,7,7.338188,7.273828,7.246057,7.271555,7.335001,7.39883,7.426029,7.40565 1,-1,7,2.582342,2.531535,2.530065,2.578862,2.647741,2.696359,2.697738,2.645999
0,1,7,0.706254,0.772398,0.808558,0.798005,0.74543,0.676656,0.633005,0.646257 1,-1,7,3.898931,3.883307,3.825315,3.75798,3.7212,3.737502,3.796836,3.862605 1,-1,7,8.382146,8.322645,8.256013,8.221523,8.239809,8.299904,8.366186,8.401494 1,-1,7,10.079214,10.011059,9.955869,9.946364,9.988225,10.056535,10.111175,10.12586 1,-1,7,5.889332,5.82241,5.76361,5.748002,5.785041,5.852391,5.910307,5.929114 1,-1,7,7.55938,7.494372,7.464864,7.488561,7.551232,7.615755,7.64468,7.62592 1,-1,7,2.725182,2.669945,2.661388,2.704897,2.773497,2.826711,2.834769,2.788434
