0,1,0,11.35914,11.423661,11.486345,11.510737,11.482779,11.418591,11.355533,11.330807 1,-1,0,9.055982,9.121285,9.172226,9.175892,9.130182,9.061435,9.009868,9.006134 1,-1,0,2.712391,2.780104,2.828997,2.830692,2.784264,2.715487,2.664512,2.662712 1,-1,0,2.738453,2.739009,2.789108,2.857944,2.905275,2.904768,2.856698,2.787832 1,-1,0,5.079136,5.140064,5.207487,5.245583,5.232745,5.176214,5.108378,5.069251 1,-1,0,7.259929,7.282247,7.346334,7.409512,7.435168,7.408653,7.345109,7.281373 1,-1,0,9.692444,9.749304,9.817445,9.858681,9.84925,9.794566,9.726265,9.684465
0,1,0,11.15648,11.221463,11.283578,11.306718,11.277554,11.212896,11.150387,11.126921 1,-1,0,8.933027,8.99839,9.047913,9.04952,9.00229,8.933444,8.883283,8.881646 1,-1,0,2.614286,2.681075,2.724743,2.719491,2.668169,2.599363,2.553551,2.559144 1,-1,0,2.46483,2.461982,2.510005,2.578888,2.628236,2.630683,2.584903,2.516185 1,-1,0,4.833202,4.895451,4.962351,4.998495,4.983435,4.925648,4.858243,4.821047 1,-1,0,6.959935,6.982285,7.046391,7.109548,7.135175,7.108653,7.045114,6.981373 1,-1,0,9.435837,9.493267,9.561236,9.601584,9.591075,9.53574,9.467588,9.426666
0,1,0,10.95829,11.02372,11.085221,11.107056,11.076652,11.011532,10.949618,10.927468 1,-1,0,8.818569,8.88393,8.93195,8.93144,8.882692,8.813809,8.765143,8.765662 1,-1,0,2.547924,2.61292,2.650514,2.637887,2.581884,2.513862,2.474192,2.48765 1,-1,0,2.198101,2.191013,2.23632,2.305098,2.356825,2.362903,2.32007,2.251749 1,-1,0,4.593699,4.65732,4.72355,4.757496,4.740003,4.6809,4.614057,4.579048 1,-1,0,6.659941,6.682326,6.746453,6.809588,6.835183,6.808654,6.745119,6.681374 1,-1,0,9.181859,9.239875,9.307643,9.347044,9.335402,9.279394,9.211418,9.171435
0,1,0,10.7648,10.830678,10.891516,10.911989,10.880314,10.814743,10.75347,10.732695 1,-1,0,8.712942,8.778234,8.824666,8.821986,8.771729,8.702876,8.655791,8.658522 1,-1,0,2.515818,2.578087,2.608874,2.58868,2.528463,2.462177,2.429532,2.451038 1,-1,0,1.94111,1.928658,1.970311,2.038699,2.093233,2.103836,2.064879,1.997387 1,-1,0,4.361684,4.426716,4.492096,4.523559,4.503401,4.442931,4.376817,4.344291 1,-1,0,6.359948,6.382372,6.44652,6.509632,6.535191,6.508654,6.445124,6.381375 1,-1,0,8.930737,8.989354,9.056888,9.095276,9.08244,9.025739,8.95797,8.918991
0,1,0,10.57629,10.642592,10.702716,10.721769,10.68879,10.622781,10.562203,10.542861 1,-1,0,8.616469,8.681623,8.726381,8.721483,8.66973,8.600981,8.555567,8.56056 1,-1,0,2.519279,2.577929,2.601389,2.573729,2.510005,2.446453,2.421492,2.450871 1,-1,0,1.698284,1.67896,1.715554,1.783006,1.840822,1.857133,1.823383,1.757481 1,-1,0,4.138418,4.204878,4.269183,4.297837,4.274766,4.212891,4.147713,4.118015 1,-1,0,6.059956,6.082422,6.146595,6.20968,6.2352,6.208655,6.14513,6.081375 1,-1,0,8.682718,8.741948,8.809213,8.846517,8.832425,8.775009,8.707481,8.669578
0,1,7,6.406308,6.466898,6.532892,6.565969,6.547272,6.487433,6.420972,10.2784 1,-1,7,4.068318,4.136643,4.179175,4.171944,4.118982,4.050359,4.006459,8.35073 1,-1,7,2.482383,2.418772,2.355105,2.329903,2.359114,2.424291,2.486187,2.333793 1,-1,7,5.338551,5.273808,5.245171,5.269998,5.333228,5.397258,5.425092,1.692551 1,-1,7,2.032948,2.007807,2.037344,2.102695,2.164364,2.187707,2.160226,3.838564 1,-1,7,6.158102,6.133987,6.163207,6.228137,6.290327,6.313846,6.285326,5.850034 1,-1,7,5.603283,5.637461,5.704041,5.763661,5.782005,5.748687,5.68263,8.387638
0,1,7,6.175869,6.23743,6.302797,6.334062,6.313426,6.252614,6.186716,9.980637 1,-1,7,4.000484,4.068004,4.1066,4.094581,4.038646,3.970627,3.930696,8.087387 1,-1,7,2.702025,2.640711,2.575118,2.544598,2.568293,2.631295,2.695522,2.174032 1,-1,7,5.360859,5.294895,5.262747,5.283879,5.345465,5.410813,5.442087,1.739337 1,-1,7,1.832356,1.800034,1.822477,1.88515,1.949646,1.979526,1.958884,3.538734 1,-1,7,5.9433,5.916973,5.944048,6.008169,6.07131,6.096971,6.070577,5.64825 1,-1,7,5.305596,5.340198,5.406907,5.466276,5.484172,5.450485,5.384315,8.09292
0,1,7,5.951642,6.014183,6.07881,6.108096,6.085395,6.023593,5.958367,9.683008 1,-1,7,3.954308,4.020637,4.054978,4.03808,3.979365,3.912337,3.876732,7.826683 1,-1,7,2.935919,2.876842,2.809966,2.775153,2.794067,2.854857,2.920705,2.04603 1,-1,7,5.399767,5.332802,5.297281,5.314685,5.374447,5.4409,5.47549,1.834627 1,-1,7,1.661989,1.621415,1.634656,1.693012,1.760057,1.797504,1.785471,3.238936 1,-1,7,5.736156,5.707489,5.732223,5.795394,5.859478,5.887406,5.863326,5.455507 1,-1,7,5.008197,5.043271,5.11012,5.169204,5.1866,5.152502,5.08621,7.798604
0,1,7,5.734349,5.79787,5.861625,5.88875,5.863851,5.801052,5.736624,9.385531 1,-1,7,3.930551,3.995295,4.025112,4.003322,3.942084,3.876452,3.845482,7.568891 1,-1,7,3.180924,3.12395,3.056235,3.017938,3.032733,3.091389,3.15835,1.956033 1,-1,7,5.454921,5.387173,5.348444,5.362123,5.419903,5.487247,5.525003,1.9714 1,-1,7,1.531957,1.482517,1.484178,1.535835,1.60452,1.65031,1.648816,2.93918 1,-1,7,5.537527,5.506389,5.528571,5.590628,5.655634,5.685954,5.664389,5.272798 1,-1,7,4.71113,4.746734,4.813735,4.872494,4.88933,4.854772,4.788345,7.504739
0,1,7,5.524801,5.589289,5.652019,5.676783,5.649551,5.585759,5.522276,9.088221 1,-1,7,3.92962,3.992399,4.017487,3.990874,3.92743,3.863595,3.837501,7.314318 1,-1,7,3.434669,3.379634,3.311382,3.270236,3.281486,3.33814,3.405856,1.909422 1,-1,7,5.525834,5.457517,5.415767,5.425758,5.481426,5.549448,5.5902,2.141724 1,-1,7,1.453124,1.395248,1.38328,1.425231,1.493708,1.547907,1.558612,2.639479 1,-1,7,5.348353,5.31462,5.33402,5.394776,5.460666,5.493502,5.474667,5.101199 1,-1,7,4.414457,4.450656,4.517823,4.57621,4.592409,4.557335,4.49076,7.211379
0,1,7,5.323919,5.389343,5.450872,5.473057,5.443354,5.378587,5.316221,8.791092 1,-1,7,3.95153,4.011995,4.03223,4.000946,3.935655,3.873998,3.852933,7.063313 1,-1,7,3.695353,3.642085,3.573503,3.530005,3.538195,3.593003,3.66122,1.909376 1,-1,7,5.611908,5.543226,5.498655,5.505029,5.558481,5.626977,5.670539,2.338279 1,-1,7,1.433962,1.369518,1.343183,1.372508,1.437999,1.499503,1.523137,2.339854 1,-1,7,5.169677,5.133229,5.149607,5.208849,5.275561,5.311032,5.295154,4.941868 1,-1,7,4.118265,4.155142,4.222487,4.280443,4.295917,4.260258,4.193519,6.918588
0,1,6,5.132717,5.199027,5.259152,5.278527,5.246216,5.18051,8.553185,5.099482 1,-1,6,3.995906,4.05376,4.069098,4.033369,3.966618,3.907475,6.769204,3.928519 1,-1,6,3.961604,3.909942,3.841172,3.795712,3.80125,3.85437,1.729638,3.966911 1,-1,6,5.712459,5.6436,5.596417,5.599272,5.650432,5.71921,2.638218,5.762615 1,-1,6,1.476796,1.408702,1.36924,1.384294,1.443786,1.510299,2.150906,1.532701 1,-1,6,5.002623,4.963356,4.976457,5.033945,5.101395,5.139606,5.024795,5.070489 1,-1,6,3.822667,3.860319,3.927859,3.985308,3.999947,3.963621,6.763739,3.837926
0,1,6,4.952319,5.019436,5.077928,5.094246,5.059195,4.992613,8.319294,4.916256 1,-1,6,4.062012,4.117017,4.127498,4.087611,4.019793,3.963439,6.475636,3.99376 1,-1,6,4.232374,4.182165,4.113305,4.066193,4.06942,4.121002,1.586689,4.235475 1,-1,6,5.826738,5.757871,5.708289,5.707744,5.756567,5.825449,2.938169,5.874572 1,-1,6,1.576579,1.507747,1.457908,1.459028,1.510363,1.579081,1.989441,1.624203 1,-1,6,4.848393,4.806222,4.815787,4.871252,4.939322,4.980366,5.123971,4.91678 1,-1,6,3.527812,3.56636,3.63411,3.690959,3.704626,3.667532,6.618873,3.542109
0,1,6,4.783946,4.851763,4.908364,4.921366,4.883455,4.816085,8.089767,4.744938 1,-1,6,4.14881,4.200797,4.206532,4.162818,4.094315,4.040958,6.182684,4.080071 1,-1,6,4.506846,4.457956,4.389073,4.340555,4.341758,4.391942,1.491145,4.508005 1,-1,6,5.953952,5.885231,5.833459,5.829651,5.876116,5.944943,3.23813,5.999455 1,-1,6,1.72345,1.655948,1.598804,1.587847,1.630299,1.69882,1.86262,1.762639 1,-1,6,4.708247,4.663114,4.668884,4.722032,4.790572,4.834516,5.238471,4.776985 1,-1,6,3.233904,3.273498,3.341471,3.397598,3.410122,3.372133,6.484657,3.24706
0,1,6,4.628911,4.697282,4.751706,4.761127,4.720255,4.652221,7.864985,4.586861 1,-1,6,4.255033,4.3039,4.305066,4.257881,4.189045,4.138821,5.890442,4.18615 1,-1,6,4.784386,4.736691,4.667831,4.618108,4.617526,4.666439,1.452393,4.783825 1,-1,6,6.093294,6.024849,5.971091,5.96417,6.00828,6.076911,3.538097,6.136475 1,-1,6,1.906557,1.841474,1.779566,1.758907,1.792918,1.859701,1.777872,1.937979 1,-1,6,4.583477,4.53536,4.537087,4.5876,4.656421,4.7033,5.367316,4.652359 1,-1,6,2.941226,2.982054,3.050263,3.105504,3.116665,3.077624,6.361768,2.953008
0,1,6,4.488596,4.557337,4.609272,4.614848,4.570939,4.502406,7.64537,4.44344 1,-1,6,4.379267,4.424977,4.421795,4.371504,4.302647,4.255624,5.599021,4.310535 1,-1,6,5.064487,5.017878,4.949073,4.898307,4.896144,4.9439,1.474916,5.062395 1,-1,6,6.24395,6.175894,6.120343,6.110468,6.152244,6.220558,3.83807,6.284838 1,-1,6,2.116516,2.054237,1.989355,1.961185,1.987771,2.052067,1.741353,2.141173 1,-1,6,4.47537,4.424291,4.421746,4.469292,4.538164,4.587976,5.5095,4.544151 1,-1,6,2.650186,2.692491,2.760938,2.815076,2.824585,2.784289,6.250872,2.660285
0,1,6,4.364421,4.433304,4.482417,4.483895,4.436909,4.368083,7.431376,4.316135 1,-1,6,4.520029,4.562596,4.555321,4.502281,4.433673,4.389855,5.308557,4.451693 1,-1,6,5.346747,5.301129,5.232399,5.180725,5.177152,5.223853,1.556055,5.343286 1,-1,6,6.405122,6.33755,6.280389,6.26772,6.307201,6.375095,4.138046,6.443761 1,-1,6,2.346128,2.286647,2.219957,2.186033,2.206334,2.267923,1.756072,2.365055 1,-1,6,4.385159,4.331191,4.324178,4.368417,4.437072,4.489768,5.664017,4.453557 1,-1,6,2.361391,2.405487,2.474158,2.526885,2.534356,2.49254,6.152617,2.369384
0,1,6,4.257799,4.326551,4.372498,4.369646,4.319588,4.250723,7.223505,4.20641 1,-1,6,4.675825,4.715309,4.704214,4.648767,4.580626,4.53997,5.019214,4.608084 1,-1,6,5.630842,5.586128,5.517488,5.465016,5.460181,5.505919,1.687377,5.62615 1,-1,6,6.576037,6.509024,6.450423,6.435123,6.472361,6.53975,4.438026,6.612482 1,-1,6,2.590173,2.533301,2.46554,2.427187,2.442251,2.501194,1.820787,2.604294 1,-1,6,4.313965,4.257238,4.245608,4.286206,4.354341,4.40982,5.829888,4.38167 1,-1,6,2.075776,2.122082,2.190922,2.241794,2.246695,2.20301,6.06762,2.081068
0,1,6,10.312391,10.378858,10.438671,10.457128,10.423615,10.357436,7.0223,10.278407 1,-1,6,8.4006,8.469118,8.51275,8.506405,8.45371,8.385066,4.731198,8.347237 1,-1,6,2.397437,2.455855,2.472761,2.439031,2.373025,2.312516,1.858272,2.330252 1,-1,6,1.625101,1.596609,1.623329,1.687795,1.75057,1.776594,4.738008,1.690205 1,-1,6,3.866941,3.930258,3.994205,4.022018,3.998147,3.935922,1.930478,3.842106 1,-1,6,5.817344,5.842974,5.906516,5.970252,5.997319,5.972351,6.006172,5.845119 1,-1,6,8.403353,8.461431,8.528669,8.56588,8.551695,8.494235,5.996442,8.388894
0,1,6,10.014842,10.081376,10.141061,10.159281,10.125563,10.059321,6.828351,9.980636 1,-1,6,8.138012,8.206396,8.249104,8.241596,8.188163,8.119625,4.444768,8.083894 1,-1,6,2.238569,2.292711,2.302535,2.262781,2.195078,2.138466,2.058909,2.170111 1,-1,6,1.668152,1.628728,1.643352,1.702424,1.769154,1.805514,5.037992,1.7362 1,-1,6,3.566976,3.630266,3.694238,3.722168,3.698499,3.636397,2.078034,3.542271 1,-1,6,5.612982,5.636154,5.698653,5.763315,5.792715,5.770171,6.191979,5.643165 1,-1,6,8.108221,8.16606,8.233391,8.270975,8.257241,8.200046,5.939581,8.094212
0,1,6,9.717445,9.78405,9.843599,9.861566,9.827631,9.761323,6.642293,9.683005 1,-1,6,7.878104,7.946322,7.98803,7.979286,7.925082,7.856679,4.160252,7.823199 1,-1,6,2.110626,2.159141,2.160751,2.114602,2.045861,1.994592,2.281456,2.041751 1,-1,6,1.76195,1.713566,1.716384,1.768558,1.837192,1.882401,5.337979,1.830831 1,-1,6,3.267019,3.330276,3.394277,3.422344,3.398914,3.336958,2.256037,3.242467 1,-1,6,5.417521,5.438016,5.499294,5.564852,5.596708,5.576796,6.386479,5.450238 1,-1,6,7.813458,7.871037,7.938465,7.976447,7.963198,7.906291,5.897451,7.799932
0,1,0,6.406304,9.486899,9.546301,9.564,9.529836,9.463458,9.403533,9.385532 1,-1,0,4.071801,7.68916,7.729785,7.719724,7.664717,7.596483,7.55514,7.56542 1,-1,0,2.483172,2.060883,2.053293,2.000723,1.932023,1.887789,1.896042,1.951434 1,-1,0,5.34359,1.843875,1.836126,1.880789,1.949528,2.001749,2.00886,1.967107 1,-1,0,2.033618,3.030296,3.094332,3.122562,3.099417,3.037638,2.972381,2.94271 1,-1,0,6.164813,5.249562,5.30942,5.375822,5.410253,5.393194,5.334276,5.26735 1,-1,0,5.599566,7.576413,7.643943,7.682351,7.669626,7.613031,7.545225,7.506115
0,1,0,6.175873,9.189933,9.249178,9.266591,9.232183,9.165733,9.105944,9.088224 1,-1,0,4.003926,7.435208,7.47466,7.463195,7.40735,7.339325,7.299141,7.310863 1,-1,0,2.703192,2.003144,1.985743,1.927236,1.860074,1.82458,1.843503,1.904584 1,-1,0,5.365994,2.010831,1.994176,2.031485,2.099057,2.156517,2.171927,2.137071 1,-1,0,1.83344,2.73032,2.794397,2.822825,2.800028,2.738465,2.673047,2.643009 1,-1,0,5.950018,5.071863,5.130073,5.197245,5.234362,5.220386,5.163194,5.095573 1,-1,0,5.301919,7.282228,7.349863,7.38873,7.37657,7.320318,7.252407,7.212806
0,1,0,5.951645,8.89317,8.952247,8.969354,8.934686,8.86816,8.808519,8.791099 1,-1,0,3.957687,7.184807,7.222983,7.210021,7.153306,7.085536,7.046615,7.059876 1,-1,0,2.937406,1.989454,1.962227,1.898836,1.834948,1.80954,1.839029,1.904412 1,-1,0,5.404983,2.206128,2.182227,2.212802,2.278468,2.339685,2.361993,2.333374 1,-1,0,1.66355,2.430348,2.494478,2.523151,2.500784,2.439496,2.373881,2.343383 1,-1,0,5.742867,4.906085,4.962393,5.030232,5.070133,5.059477,5.004262,4.936066 1,-1,0,5.004554,6.988537,7.056282,7.095642,7.084096,7.028219,6.960201,6.920071
0,1,0,5.734349,2.182503,2.239223,2.253303,2.21721,2.150485,2.091359,2.076182 1,-1,0,3.933847,3.255441,3.216284,3.148662,3.091728,3.080055,3.120921,3.189132 1,-1,0,3.182681,6.818853,6.751719,6.715476,6.731895,6.791077,6.857826,6.89332 1,-1,0,5.460199,8.543892,8.490568,8.484149,8.528485,8.597132,8.649799,8.656095 1,-1,0,1.534047,4.324807,4.26806,4.256391,4.296956,4.365086,4.420588,4.431824 1,-1,0,5.544216,6.442591,6.423332,6.45707,6.523503,6.583394,6.602186,6.569194 1,-1,0,4.707522,2.309926,2.341745,2.407791,2.468414,2.489466,2.459559,2.394941
0,1,0,5.524802,1.890835,1.946246,1.958395,1.920879,1.853786,1.795524,1.782265 1,-1,0,3.932813,3.333972,3.289951,3.221421,3.168293,3.162945,3.208709,3.277505 1,-1,0,3.43665,7.114807,7.047783,7.011943,7.028794,7.088191,7.154836,7.189964 1,-1,0,5.531158,8.831763,8.778013,8.770903,8.814693,8.883278,8.936395,8.943373 1,-1,0,1.455747,4.618903,4.561629,4.548976,4.588678,4.656639,4.712759,4.724974 1,-1,0,5.35501,6.635603,6.61402,6.6456,6.711346,6.772394,6.793474,6.762585 1,-1,0,4.410893,2.307142,2.330822,2.393868,2.458055,2.486884,2.464704,2.403517
0,1,0,5.323919,1.602247,1.655786,1.665307,1.625893,1.558352,1.501342,1.490774 1,-1,0,3.954602,3.436983,3.388669,3.319794,3.270684,3.271345,3.321366,3.390209 1,-1,0,3.697521,7.411086,7.344167,7.308698,7.325946,7.385538,7.452086,7.486876 1,-1,0,5.617264,9.120416,9.066272,9.058515,9.10179,9.17031,9.223843,9.231461 1,-1,0,1.437045,4.913714,4.855985,4.842468,4.881403,4.949202,5.005856,5.018933 1,-1,0,5.176286,6.836335,6.812586,6.842093,6.907114,6.969188,6.992405,6.963534 1,-1,0,4.114752,2.343087,2.358325,2.417386,2.48415,2.520266,2.506012,2.44909
0,1,0,5.132717,1.318762,1.369446,1.375204,1.333148,1.265069,1.210021,1.203473 1,-1,0,3.998843,3.562349,3.510323,3.441585,3.396568,3.402819,3.456463,3.524911 1,-1,0,3.963934,7.707653,7.640833,7.605707,7.623321,7.683092,7.749548,7.784024 1,-1,0,5.717831,9.409779,9.355269,9.346905,9.389694,9.458146,9.512067,9.520285 1,-1,0,1.480202,5.209117,5.150993,5.136712,5.174961,5.242606,5.299726,5.313568 1,-1,0,5.009166,7.044126,7.018361,7.045885,7.110154,7.173132,7.198344,7.171405 1,-1,0,3.819214,2.416031,2.422945,2.477277,2.545577,2.588222,2.58175,2.529663
0,1,0,4.952319,8.635938,8.695467,8.713442,8.679565,8.613285,8.553184,8.534872 1,-1,0,4.064801,6.904062,6.94216,6.92913,6.872386,6.804624,6.765752,6.779096 1,-1,0,4.234841,1.863962,1.828724,1.762329,1.702567,1.686511,1.724656,1.792448 1,-1,0,5.832112,2.479186,2.453356,2.481865,2.546774,2.609013,2.633318,2.606465 1,-1,0,1.580157,2.199178,2.26488,2.297799,2.280128,2.221349,2.154319,2.119173 1,-1,0,4.854847,4.913197,4.967157,5.03556,5.078518,5.071646,5.01881,4.950175 1,-1,0,3.52443,6.78898,6.857053,6.898009,6.888416,6.833734,6.765426,6.723662
0,1,0,4.783946,8.398865,8.459127,8.478536,8.445978,8.380128,8.319293,8.299513 1,-1,0,4.151443,6.609657,6.648253,6.635837,6.579466,6.511588,6.472177,6.484906 1,-1,0,4.509432,1.705828,1.662502,1.594145,1.540264,1.534986,1.581809,1.650676 1,-1,0,5.959318,2.779184,2.753295,2.781574,2.846355,2.908748,2.933265,2.906462 1,-1,0,1.727078,2.018385,2.085992,2.125412,2.11534,2.06113,1.992679,1.950579 1,-1,0,4.714589,5.005097,5.056513,5.125267,5.171173,5.168119,5.117825,5.04897 1,-1,0,3.230606,6.637902,6.70633,6.749372,6.7424,6.689378,6.620775,6.576891
0,1,0,4.628911,8.165931,8.226938,8.247852,8.216703,8.151344,8.089767,8.068443 1,-1,0,4.257504,6.315779,6.354915,6.343172,6.287213,6.219215,6.17922,6.191274 1,-1,0,4.787075,1.589133,1.537398,1.468603,1.423409,1.4311,1.48654,1.554541 1,-1,0,6.09864,3.079181,3.053246,3.081339,3.146016,3.208532,3.233222,3.20646 1,-1,0,1.910156,1.868522,1.937277,1.983651,1.98251,1.934456,1.865597,1.816211 1,-1,0,4.589679,5.112973,5.161783,5.230665,5.279271,5.279898,5.23219,5.163329 1,-1,0,2.938031,6.497171,6.565862,6.611015,6.606787,6.555581,6.486782,6.440758
0,1,0,4.488596,7.937501,7.999262,8.021755,7.992115,7.927312,7.864986,7.842043 1,-1,0,4.381576,6.022505,6.06223,6.051225,5.995726,5.927605,5.886972,5.898283 1,-1,0,5.067267,1.523431,1.463992,1.397244,1.363735,1.385609,1.448268,1.512766 1,-1,0,6.249269,3.379179,3.353206,3.381145,3.445736,3.508353,3.533186,3.506459 1,-1,0,2.120047,1.757519,1.826123,1.87946,1.888392,1.848238,1.780486,1.72409 1,-1,0,4.481401,5.235837,5.282015,5.350827,5.401887,5.406032,5.360923,5.292242 1,-1,0,2.647118,6.367475,6.43632,6.483596,6.482231,6.433002,6.36412,6.31595
0,1,0,4.364421,7.713975,7.776495,7.800645,7.772617,7.708446,7.64537,7.620728 1,-1,0,4.522175,5.729927,5.770295,5.760106,5.705121,5.636875,5.595544,5.606033 1,-1,0,5.349607,1.515367,1.450156,1.388448,1.368742,1.404199,1.471448,1.529812 1,-1,0,6.410406,3.679178,3.653173,3.680984,3.745501,3.808203,3.833156,3.806457 1,-1,0,2.349574,1.693035,1.75966,1.819303,1.838941,1.808272,1.743506,1.681175 1,-1,0,4.390987,5.372661,5.416213,5.484783,5.538056,5.545543,5.503015,5.434675 1,-1,0,2.358484,6.249498,6.318378,6.367771,6.36938,6.322292,6.253456,6.203152
0,1,0,4.257799,7.495796,7.559074,7.584958,7.558657,7.495202,7.43138,7.404958 1,-1,0,4.677813,5.438161,5.479236,5.469951,5.415545,5.347174,5.305077,5.31465 1,-1,0,5.633774,1.565832,1.497541,1.443357,1.437752,1.484464,1.55333,1.603803 1,-1,0,6.58128,3.979172,3.953141,3.980842,4.045296,4.10807,4.133126,4.106452 1,-1,0,2.59353,1.680435,1.74301,1.807584,1.837766,1.817611,1.757694,1.691216 1,-1,0,4.319557,5.522405,5.563364,5.631547,5.686802,5.697446,5.657458,5.589591 1,-1,0,2.073079,6.143919,6.212696,6.264186,6.268867,6.224087,6.155437,6.10303
0,1,6,7.220206,7.283437,7.347467,7.375167,7.350713,7.288066,3.975239,7.195225 1,-1,6,5.079115,5.147338,5.189191,5.180913,5.127164,5.058669,4.428732,5.024278 1,-1,6,1.72105,1.669528,1.600721,1.555241,1.562308,1.61725,5.734574,1.727439 1,-1,6,4.34296,4.279171,4.253116,4.280724,4.345124,4.407959,6.82685,4.406451 1,-1,6,1.710516,1.720859,1.777572,1.845225,1.884957,1.875519,2.770899,1.753304 1,-1,6,5.698053,5.684052,5.722473,5.790148,5.84717,5.860781,4.613575,5.755988 1,-1,6,6.008159,6.051383,6.119908,6.173453,6.181292,6.138983,1.994734,6.016214
0,1,6,7.015059,7.077425,7.142195,7.171791,7.149311,7.087579,3.69543,6.992076 1,-1,6,4.789268,4.857632,4.900345,4.893194,4.840195,4.771582,4.186335,4.735106 1,-1,6,1.875017,1.817365,1.749853,1.71297,1.730458,1.79091,5.849041,1.891007 1,-1,6,4.64295,4.57917,4.553095,4.580621,4.644973,4.707862,7.076619,4.70645 1,-1,6,1.811503,1.81076,1.860494,1.929339,1.977053,1.977734,2.968057,1.86224 1,-1,6,5.873456,5.856616,5.89257,5.95964,6.018229,6.034618,4.908318,5.932896 1,-1,6,5.931918,5.972498,6.040608,6.096147,6.107213,6.067535,1.959662,5.94329
0,1,6,6.816944,6.87833,6.943819,6.97539,6.955021,6.894318,3.419047,6.796101 1,-1,6,4.500751,4.569253,4.612923,4.607042,4.554905,4.486184,3.951852,4.447368 1,-1,6,2.0614,1.999578,1.934338,1.905194,1.930846,1.994799,5.976388,2.085131 1,-1,6,4.942941,4.87917,4.853078,4.880532,4.944842,5.007777,7.330156,5.00645 1,-1,6,1.953772,1.943282,1.985729,2.054226,2.108179,2.117852,3.181327,2.010423 1,-1,6,6.058644,6.039159,6.072731,6.139121,6.199094,6.218077,5.203661,6.119406 1,-1,6,5.870037,5.90781,5.975335,6.032786,6.047125,6.010228,1.970173,5.884773
0,1,6,6.626493,6.686772,6.752947,6.786572,6.768456,6.708911,3.146992,6.607938 1,-1,6,4.213839,4.282472,4.327208,4.322769,4.271631,4.202822,3.726777,4.161363 1,-1,6,2.272234,2.20767,2.145074,2.122559,2.154494,2.220605,6.115811,2.302093 1,-1,6,5.242933,5.17917,5.153061,5.180453,5.244725,5.307701,7.587083,5.306449 1,-1,6,2.129061,2.110412,2.145879,2.212993,2.271585,2.288921,3.407686,2.1899 1,-1,6,6.252747,6.230806,6.262088,6.327741,6.388931,6.410331,5.499509,6.314664 1,-1,6,5.822972,5.857791,5.924551,5.983811,6.00145,5.96747,2.02556,5.841097
0,1,6,4.029991,4.098726,4.144481,4.141425,4.091261,4.022399,2.880492,3.978422 1,-1,6,4.552243,4.589363,4.575501,4.518432,4.450765,4.41248,3.512918,4.485086 1,-1,6,5.784597,5.738339,5.669555,5.618469,5.615724,5.662984,6.266504,5.781931 1,-1,6,6.79918,6.73205,6.67372,6.658904,6.696539,6.764021,7.847068,6.836042 1,-1,6,2.784129,2.725531,2.658433,2.622829,2.64094,2.701374,3.644695,2.801198 1,-1,6,4.50303,4.445175,4.431497,4.470364,4.538157,4.594841,5.795784,4.570338 1,-1,6,1.929617,1.971379,2.039783,2.094238,2.104713,2.065648,2.12231,1.94098
0,1,6,3.747066,3.815894,3.862952,3.861722,3.812886,3.744003,2.621243,3.696716 1,-1,6,4.310753,4.345543,4.329075,4.270564,4.203449,4.167474,3.312451,4.244274 1,-1,6,5.893661,5.845,5.776118,5.727363,5.728004,5.777651,6.427675,5.894284 1,-1,6,7.045887,6.978395,6.920998,6.907858,6.946892,7.014688,8.109818,7.084161 1,-1,6,2.971035,2.909641,2.844107,2.813667,2.837295,2.900221,3.890409,2.993421 1,-1,6,4.798641,4.740366,4.72587,4.763995,4.831619,4.888806,6.092422,4.865784 1,-1,6,1.879654,1.912545,1.978988,2.038953,2.059003,2.028488,2.255108,1.901385
0,1,6,3.467014,3.535893,3.584421,3.585302,3.538047,3.469211,2.371622,3.418123 1,-1,6,4.077042,4.109165,4.089812,4.029791,3.963416,3.930102,3.127949,4.011449 1,-1,6,6.015723,5.964857,5.896034,5.849631,5.853521,5.905346,6.598557,6.019506 1,-1,6,7.296588,7.228796,7.1723,7.160726,7.201041,7.269092,8.37507,7.336157 1,-1,6,3.175331,3.111833,3.048052,3.022287,3.050561,3.115308,4.14328,3.202255 1,-1,6,5.094765,5.036126,5.020909,5.058373,5.125839,5.183463,6.389376,5.161755 1,-1,6,1.876907,1.899822,1.96267,2.027023,2.056495,2.035345,2.41802,1.908698
0,1,7,3.190589,3.259452,3.309645,3.312987,3.267637,3.19895,3.146992,2.076181 1,-1,7,3.852524,3.881588,3.859046,3.79746,3.732069,3.701832,3.725325,3.189607 1,-1,7,6.150009,6.097132,6.028507,5.984454,5.991444,6.045245,6.113682,6.894864 1,-1,7,7.550887,7.482847,7.427219,7.417109,7.458598,7.526857,7.581754,8.66145 1,-1,7,3.393879,3.328815,3.26685,3.245261,3.277439,3.343503,3.404073,4.43545 1,-1,7,5.391319,5.332361,5.316504,5.353377,5.420693,5.478701,5.49409,6.574369 1,-1,7,1.921577,1.93412,1.991921,2.059203,2.097344,2.085783,2.030655,2.38916
0,1,7,2.918824,2.987561,3.039643,3.045878,3.002853,2.934475,2.880492,1.782265 1,-1,7,3.638904,3.664454,3.638395,3.57522,3.511127,3.484454,3.511655,3.27767 1,-1,7,6.295735,6.241035,6.172728,6.131001,6.140934,6.196519,6.264566,7.191478 1,-1,7,7.808429,7.740187,7.685393,7.676653,7.71922,7.787647,7.841726,8.948724 1,-1,7,3.624099,3.557879,3.497711,3.479829,3.515293,3.5823,3.64107,4.728601 1,-1,7,5.688233,5.628993,5.612566,5.648906,5.716082,5.774429,5.790397,6.767611 1,-1,7,2.010507,2.013036,2.064807,2.133498,2.179112,2.176776,2.127731,2.397781
0,1,7,2.653152,2.721584,2.775807,2.785475,2.745325,2.6775,2.621243,1.490774 1,-1,7,3.438212,3.459728,3.42981,3.36507,3.30268,3.280134,3.311405,3.390081 1,-1,7,6.452128,6.395781,6.327895,6.288456,6.301171,6.358357,6.425921,7.488362 1,-1,7,8.068906,8.000499,7.946505,7.939048,7.982609,8.051168,8.104465,9.236807 1,-1,7,3.863906,3.79684,3.738404,3.723803,3.762042,3.829718,3.886782,5.022561 1,-1,7,5.985456,5.925965,5.909025,5.944883,6.011927,6.070576,6.087066,6.968412 1,-1,7,2.13818,2.131621,2.176949,2.245731,2.297435,2.303523,2.260734,2.443485
0,1,7,2.395599,2.463435,2.520076,2.533844,2.497296,2.430405,2.371622,1.203472 1,-1,7,3.252842,3.269742,3.235626,3.169414,3.10924,3.091463,3.127152,3.524511 1,-1,7,6.618432,6.560602,6.493222,6.456018,6.471355,6.529975,6.59698,7.785484 1,-1,7,8.332042,8.263503,8.210275,8.204023,8.248498,8.317161,8.369709,9.525626 1,-1,7,4.111624,4.043945,3.987147,3.97545,4.016048,4.084189,4.139656,5.317196 1,-1,7,6.282942,6.223227,6.205824,6.241244,6.308165,6.367083,6.384047,7.17614 1,-1,7,2.29815,2.283704,2.322668,2.390565,2.447016,2.460504,2.423756,2.524259
0,1,6,0.975419,1.044099,1.097208,1.107246,1.069376,1.00243,0.944003,0.932208 1,-1,6,3.560294,3.548944,3.493497,3.425344,3.384763,3.396661,3.452974,3.521268 1,-1,6,7.983566,7.923653,7.857236,7.823486,7.842618,7.903146,7.970497,8.002315 1,-1,6,9.747386,9.679006,9.62485,9.617051,9.660272,9.728783,9.787712,9.790031 1,-1,6,5.537825,5.470341,5.412941,5.399938,5.43923,5.507096,5.567151,5.576145 1,-1,6,7.381541,7.317747,7.291404,7.318333,7.382362,7.445602,7.476136,7.445026 1,-1,6,2.684192,2.635864,2.637937,2.689103,2.757864,2.80409,2.796839,2.753076
0,1,6,0.721275,0.787879,0.847738,0.869831,0.844015,0.782205,0.716894,0.689922 1,-1,6,3.507776,3.49079,3.4321,3.365055,3.329477,3.347281,3.406447,3.47366 1,-1,6,8.171911,8.111035,8.045182,8.013211,8.034267,8.095721,8.162345,8.192559 1,-1,6,10.009811,9.941316,9.887798,9.881006,9.925001,9.993608,10.05192,10.053243 1,-1,6,5.788981,5.721122,5.664867,5.653844,5.694736,5.762906,5.821836,5.828926 1,-1,6,7.681533,7.617745,7.591401,7.618308,7.682322,7.745577,7.776132,7.745024 1,-1,6,2.963728,2.913484,2.912646,2.961737,3.030612,3.078945,3.074531,3.032558
