0,1,6,11.352943,11.416816,11.480219,11.506266,11.479944,11.416425,11.35267,11.326265 1,-1,6,8.955564,9.02425,9.076598,9.082384,9.038292,8.969714,8.920239,8.910845 1,-1,6,2.610599,2.679146,2.732714,2.741371,2.700412,2.632418,2.577187,2.567554 1,-1,6,3.015481,3.013372,3.06154,3.130423,3.179642,3.181641,3.135576,3.066546 1,-1,6,5.147575,5.202913,5.271017,5.312216,5.303105,5.248823,5.177181,5.138172 1,-1,6,7.466714,7.49198,7.555324,7.619249,7.646674,7.621922,7.564077,7.494697 1,-1,6,9.771623,9.825638,9.894045,9.936865,9.929412,9.875965,9.80559,9.764044
0,1,6,11.141155,11.20453,11.268426,11.295662,11.270542,11.20754,11.1433,11.115686 1,-1,6,8.688966,8.757563,8.810597,8.817455,8.774208,8.705742,8.65556,8.645076 1,-1,6,2.35058,2.418603,2.474616,2.487354,2.449944,2.382816,2.324682,2.310956 1,-1,6,3.153589,3.145509,3.189204,3.257815,3.31091,3.318587,3.277316,3.208409 1,-1,6,5.000952,5.054119,5.122658,5.166571,5.160904,5.108848,5.036964,4.995097 1,-1,6,7.479159,7.501838,7.564055,7.628943,7.658827,7.636614,7.580112,7.509639 1,-1,6,9.629674,9.682509,9.751109,9.795362,9.789751,9.737498,9.66681,9.623967
0,1,6,10.933496,10.996332,11.060715,11.089175,11.065312,11.00287,10.93814,10.909292 1,-1,6,8.424614,8.493098,8.546849,8.554842,8.512504,8.444177,8.393258,8.381618 1,-1,6,2.101244,2.168284,2.227044,2.244715,2.211837,2.146158,2.084802,2.066084 1,-1,6,3.313174,3.299704,3.339016,3.406931,3.463254,3.47609,3.439444,3.371064 1,-1,6,4.868421,4.91914,4.987948,5.034608,5.032586,4.983023,4.91109,4.866331 1,-1,6,7.503587,7.523655,7.584651,7.650398,7.682683,7.663032,7.607951,7.536502 1,-1,6,9.495084,9.546664,9.615411,9.661104,9.657392,9.606407,9.535452,9.491308
0,1,6,10.730206,10.792457,10.857321,10.887039,10.864489,10.802653,10.73746,10.707327 1,-1,6,8.162728,8.231071,8.285567,8.294766,8.253407,8.18525,8.133562,8.120696 1,-1,6,1.866876,1.932167,1.993922,2.017564,1.990534,1.927221,1.862433,1.837631 1,-1,6,3.491293,3.473019,3.508137,3.575052,3.634023,3.651491,3.619218,3.551655 1,-1,6,4.75116,4.799141,4.868021,4.917427,4.91924,4.872443,4.800688,4.753037 1,-1,6,7.539882,7.557328,7.617015,7.683515,7.718136,7.701055,7.647467,7.57516 1,-1,6,9.368171,9.418419,9.487261,9.534398,9.53264,9.482997,9.411826,9.366382
0,1,6,10.53154,10.593156,10.658491,10.689501,10.668323,10.607144,10.54149,10.510044 1,-1,6,7.903551,7.971722,8.026994,8.037472,7.99717,7.929218,7.87673,7.862563 1,-1,6,1.653852,1.716126,1.780934,1.811734,1.792268,1.732733,1.664605,1.632505 1,-1,6,3.685258,3.662742,3.693917,3.759629,3.820749,3.842339,3.814146,3.747591 1,-1,6,4.650325,4.695271,4.763993,4.816109,4.821921,4.778167,4.706847,4.656345 1,-1,6,7.587874,7.602698,7.661,7.728145,7.765026,7.750511,7.698479,7.625433 1,-1,6,9.24925,9.298088,9.36697,9.415549,9.415797,9.367573,9.296242,9.249502
0,1,6,10.337762,10.39869,10.464484,10.496821,10.477076,10.416606,10.35051,10.317713 1,-1,6,7.647361,7.71532,7.771398,7.783237,7.744077,7.676372,7.623053,7.607501 1,-1,6,1.47147,1.528693,1.596159,1.635297,1.625492,1.571797,1.501055,1.460567 1,-1,6,3.892702,3.866457,3.893973,3.958361,4.021209,4.04645,4.022025,3.956593 1,-1,6,4.567004,4.60862,4.676925,4.731672,4.741616,4.701177,4.630573,4.577306 1,-1,6,7.647341,7.659559,7.716406,7.784089,7.823147,7.811185,7.760761,7.687094 1,-1,6,9.138634,9.185981,9.254843,9.304858,9.30716,9.260432,9.189001,9.140978
0,1,6,10.149154,10.209338,10.275574,10.30927,10.291022,10.231318,10.16479,10.130617 1,-1,6,7.394466,7.46217,7.519084,7.53237,7.494446,7.427036,7.372855,7.355832 1,-1,6,1.332376,1.381564,1.450422,1.49867,1.500741,1.455586,1.383987,1.334706 1,-1,6,4.111584,4.082072,4.106218,4.169226,4.233453,4.261917,4.240949,4.176698 1,-1,6,4.502169,4.540176,4.607779,4.665033,4.679201,4.642333,4.572746,4.516848 1,-1,6,7.718019,7.727655,7.782989,7.851105,7.892251,7.882816,7.834043,7.759871 1,-1,6,9.036627,9.082404,9.151182,9.202619,9.20702,9.161866,9.0904,9.041109
0,1,6,9.966008,10.025387,10.092048,10.127135,10.110446,10.05157,9.984638,9.949049 1,-1,6,7.145217,7.212614,7.270394,7.285218,7.248636,7.181577,7.126503,7.107914 1,-1,6,1.25109,1.288618,1.356365,1.413445,1.429064,1.395319,1.325774,1.268709 1,-1,6,4.340176,4.307798,4.32886,4.390473,4.455797,4.487106,4.469298,4.406245 1,-1,6,4.456627,4.49077,4.55737,4.616964,4.635399,4.602329,4.534072,4.475723 1,-1,6,7.799604,7.806694,7.860466,7.928914,7.972053,7.96511,7.918021,7.843454 1,-1,6,8.943524,8.987652,9.056275,9.109117,9.115658,9.072153,9.000722,8.950187
0,1,6,9.788632,9.847142,9.914203,9.950713,9.935649,9.877664,9.810352,9.773319 1,-1,6,6.900009,6.967038,7.025712,7.042175,7.007048,6.940406,6.884409,6.864155 1,-1,6,1.239042,1.261884,1.325038,1.389116,1.418529,1.398249,1.334141,1.27193 1,-1,6,4.577021,4.54213,4.560376,4.620614,4.686803,4.720626,4.705698,4.643832 1,-1,6,4.430973,4.461035,4.526326,4.588046,4.61074,4.581661,4.515043,4.454468 1,-1,6,7.891757,7.896346,7.948517,8.0172,8.062234,8.057739,8.012359,7.937503 1,-1,6,8.859606,8.902005,8.970403,9.024623,9.03334,8.99156,8.920237,8.868485
0,1,6,9.617344,9.674916,9.742351,9.780311,9.766939,9.709913,9.642251,9.603745 1,-1,6,6.659287,6.725876,6.78547,6.803677,6.770133,6.703984,6.647041,6.625012 1,-1,6,1.298163,1.305438,1.360781,1.428797,1.470451,1.463996,1.407902,1.343872 1,-1,6,4.820907,4.783803,4.799483,4.858385,4.925255,4.961301,4.948996,4.88829 1,-1,6,4.425554,4.451365,4.515044,4.578644,4.605532,4.58059,4.515907,4.453366 1,-1,6,7.994113,7.996256,8.046797,8.115622,8.162453,8.160353,8.116693,8.041651 1,-1,6,8.785136,8.82573,8.893825,8.949393,8.960313,8.920332,8.849195,8.796261
0,1,6,9.452476,9.509039,9.576816,9.616252,9.60464,9.548643,9.480665,9.440663 1,-1,6,6.423559,6.489625,6.550161,6.570223,6.538402,6.472834,6.41492,6.391007 1,-1,6,1.419587,1.412794,1.458673,1.527507,1.578679,1.584762,1.537675,1.474509 1,-1,6,5.070813,5.031758,5.045101,5.102717,5.17012,5.208137,5.198224,5.138634 1,-1,6,4.440442,4.46189,4.523674,4.588878,4.619841,4.599129,4.536653,4.472432 1,-1,6,8.106284,8.106043,8.154933,8.223815,8.272342,8.272578,8.230647,8.15551 1,-1,6,8.720357,8.759071,8.826784,8.883662,8.896809,8.858697,8.787827,8.73375
0,1,6,9.294369,9.349846,9.417929,9.458864,9.449079,9.394188,9.325932,9.284411 1,-1,6,6.193391,6.258837,6.320332,6.342369,6.312424,6.24754,6.18864,6.162723 1,-1,6,1.589098,1.570925,1.607399,1.674842,1.732695,1.749188,1.71076,1.649959 1,-1,6,5.325895,5.285113,5.296324,5.352714,5.420531,5.460301,5.452569,5.394048 1,-1,6,4.475436,4.492469,4.552102,4.618617,4.653486,4.637044,4.57701,4.511412 1,-1,6,8.22787,8.225312,8.272542,8.3414,8.391522,8.39403,8.353824,8.27868 1,-1,6,8.665484,8.702249,8.769499,8.827642,8.843032,8.806855,8.736334,8.681162
0,1,6,9.143375,9.197687,9.266035,9.308487,9.300597,9.246889,9.178399,9.135342 1,-1,6,5.96943,6.034141,6.096605,6.12074,6.09284,6.02876,5.968862,5.94082 1,-1,6,1.793107,1.766245,1.794361,1.859278,1.921518,1.946238,1.915452,1.857566 1,-1,6,5.585441,5.543125,5.552392,5.607617,5.675751,5.717086,5.711346,5.653843 1,-1,6,4.53007,4.542697,4.59996,4.667487,4.706053,4.693864,4.636467,4.569795 1,-1,6,8.35846,8.353656,8.399223,8.467985,8.519604,8.524314,8.485824,8.41075 1,-1,6,8.620709,8.655458,8.722162,8.781519,8.79916,8.76498,8.694892,8.638678
0,1,6,8.99985,9.052915,9.12148,9.165465,9.159536,9.107093,9.038419,8.993812 1,-1,6,5.7524,5.816242,5.879677,5.906037,5.880366,5.817227,5.756333,5.726039 1,-1,6,2.021196,1.987823,2.008914,2.070925,2.135939,2.167032,2.142712,2.087759 1,-1,6,5.848859,5.805175,5.812663,5.866787,5.935163,5.977898,5.973981,5.917443 1,-1,6,4.603643,4.611932,4.666651,4.734898,4.776917,4.768915,4.7143,4.646849 1,-1,6,8.497638,8.490665,8.534574,8.603173,8.656191,8.663031,8.626241,8.55131 1,-1,6,8.586188,8.618861,8.684936,8.74545,8.765342,8.733216,8.663648,8.606448
0,1,0,8.772116,8.38233,8.450882,8.494774,8.488763,8.436288,8.367616,8.323053 1,-1,0,5.544687,5.186604,5.248867,5.27264,5.244493,5.180342,5.117246,5.092747 1,-1,0,1.971963,1.951826,1.949804,1.998545,2.067423,2.116092,2.117956,2.072026 1,-1,0,5.838211,5.822391,5.821946,5.870829,5.93971,5.988245,5.988678,5.940764 1,-1,0,4.427962,4.135469,4.185407,4.254257,4.301736,4.300973,4.252392,4.183511 1,-1,0,8.364577,8.120935,8.161186,8.229219,8.285026,8.29638,8.256788,8.188984 1,-1,0,8.364825,7.994183,8.05966,8.121105,8.142925,8.112637,8.047591,7.985581
0,1,0,8.508056,3.110258,3.151763,3.143579,3.090196,3.021625,2.978307,2.986944 1,-1,0,5.341511,4.304389,4.275916,4.211682,4.148681,4.124543,4.154054,4.219164 1,-1,0,1.834684,6.587055,6.518232,6.471822,6.475635,6.527367,6.596094,6.641636 1,-1,0,5.714978,7.762511,7.704372,7.689838,7.727642,7.795154,7.852621,7.866854 1,-1,0,4.143558,3.704527,3.639368,3.609814,3.634048,3.697132,3.76129,3.789663 1,-1,0,8.105571,5.238968,5.216139,5.246702,5.312138,5.373652,5.395814,5.3661 1,-1,0,8.066092,1.375809,1.43177,1.499626,1.540476,1.532901,1.480767,1.412005
0,1,6,2.751809,2.82017,2.863119,2.856876,2.804844,2.7361,8.367617,2.697751 1,-1,6,4.087285,4.106996,4.075205,4.009729,3.948341,3.927834,5.120527,4.02708 1,-1,6,6.771543,6.71885,6.650202,6.605917,6.61254,6.666074,2.11384,6.778005 1,-1,6,8.077029,8.009509,7.952181,7.939097,7.978113,8.045896,5.99249,8.115381 1,-1,6,3.972385,3.908858,3.845106,3.819217,3.847095,3.911625,4.25169,3.999196 1,-1,6,5.601067,5.538631,5.515609,5.545948,5.611296,5.672932,8.26336,5.66578 1,-1,6,1.482366,1.477331,1.524403,1.593278,1.643443,1.647971,8.043598,1.536158
0,1,0,8.101481,2.532392,2.577069,2.573207,2.522892,2.45403,2.40707,2.411199 1,-1,0,4.918128,3.922635,3.887304,3.820677,3.761281,3.74485,3.781512,3.848817 1,-1,0,2.031193,6.86124,6.792867,6.750689,6.759995,6.815172,6.883323,6.924693 1,-1,0,5.887801,8.260018,8.203478,8.19176,8.231898,8.299909,8.355797,8.367285 1,-1,0,3.977322,4.124904,4.062596,4.040059,4.071116,4.136767,4.197975,4.219668 1,-1,0,8.012318,5.838331,5.815135,5.845272,5.910541,5.972286,5.994873,5.965492 1,-1,0,7.744094,1.628547,1.666628,1.734414,1.791298,1.806055,1.770975,1.704643
0,1,0,7.837793,2.247814,2.294586,2.293698,2.245623,2.17676,2.127399,2.128357 1,-1,0,4.726115,3.753229,3.714158,3.646537,3.589578,3.577698,3.618242,3.686383 1,-1,0,1.990772,7.013577,6.945565,6.905466,6.917325,6.973994,7.041732,7.081059 1,-1,0,5.796763,8.513728,8.457948,8.44752,8.488697,8.556899,8.612037,8.622266 1,-1,0,3.706928,4.350919,4.29005,4.270566,4.304396,4.370912,4.43067,4.449452 1,-1,0,7.764751,6.138059,6.114707,6.144662,6.209858,6.2717,6.294469,6.265231 1,-1,0,7.444631,1.817091,1.847021,1.91255,1.973978,1.996963,1.969313,1.905737
0,1,0,7.576807,1.967822,2.017168,2.020076,1.97501,1.906387,1.854095,1.850926 1,-1,0,4.545805,3.600886,3.557923,3.48954,3.435537,3.428695,3.473257,3.541954 1,-1,0,1.995144,7.17523,7.107652,7.069591,7.08387,7.141892,7.209149,7.246477 1,-1,0,5.720028,8.77036,8.715316,8.706104,8.748247,8.816606,8.871022,8.880062 1,-1,0,3.441443,4.585428,4.525966,4.509256,4.545511,4.612688,4.671046,4.687179 1,-1,0,7.521003,6.437812,6.414318,6.444108,6.509238,6.571168,6.594102,6.564994 1,-1,0,7.145212,2.032604,2.05556,2.118373,2.182757,2.212213,2.190898,2.130225
0,1,0,7.318811,1.141908,1.186766,1.185047,1.137591,1.068789,1.01875,1.020748 1,-1,0,4.378645,3.724123,3.67006,3.601611,3.559135,3.568618,3.624194,3.692225 1,-1,0,2.044022,7.938081,7.871197,7.835835,7.853167,7.912787,7.979322,8.01405 1,-1,0,5.658179,9.609728,9.554695,9.545465,9.587559,9.655908,9.710367,9.719441 1,-1,0,3.182099,5.419459,5.36065,5.34507,5.382181,5.449554,5.507414,5.522536 1,-1,0,7.281457,7.159027,7.131448,7.157148,7.220682,7.284426,7.311429,7.286272 1,-1,0,6.845845,2.43383,2.434173,2.484262,2.553096,2.600444,2.600123,2.552309
0,1,0,7.064135,0.859168,0.909292,0.915725,0.875507,0.808018,0.751166,0.74331 1,-1,0,4.226194,3.655586,3.598297,3.530696,3.492827,3.507936,3.566677,3.633608 1,-1,0,2.134351,8.119196,8.052834,8.01926,8.038572,8.099184,8.165168,8.198145 1,-1,0,5.611706,9.868996,9.814611,9.806433,9.84935,9.917819,9.971642,9.979685 1,-1,0,2.930525,5.663987,5.606333,5.592852,5.63172,5.699494,5.756215,5.769314 1,-1,0,7.046541,7.458947,7.431416,7.457143,7.520681,7.584421,7.611398,7.586194 1,-1,0,6.546535,2.714359,2.711752,2.759669,2.828551,2.878001,2.880458,2.834583
0,1,0,6.813148,0.59362,0.652082,0.67288,0.647233,0.586068,0.52024,0.493045 1,-1,0,4.090099,3.610751,3.550513,3.484255,3.451412,3.472203,3.533777,3.599123 1,-1,0,2.261168,8.307199,8.241392,8.209552,8.230737,8.292247,8.357654,8.388931 1,-1,0,5.580996,10.130513,10.076755,10.069575,10.113263,10.181833,10.23504,10.242104 1,-1,0,2.688903,5.913625,5.857078,5.845528,5.885972,5.954058,6.009693,6.020928 1,-1,0,6.816734,7.758872,7.731387,7.757139,7.820681,7.884417,7.911371,7.886123 1,-1,0,6.247292,2.99866,2.993659,3.039735,3.108552,3.159663,3.164401,3.120168
0,1,0,6.566277,8.825273,8.893824,8.937699,8.93164,8.87912,8.810454,8.765942 1,-1,0,3.972039,5.605644,5.668659,5.694067,5.667469,5.603941,5.54019,5.514074 1,-1,0,2.418741,1.936599,1.950188,2.008544,2.075605,2.112926,2.100389,2.044657 1,-1,0,5.566307,5.788923,5.793717,5.846136,5.914783,5.959554,5.954894,5.903441 1,-1,0,2.460166,4.435053,4.488422,4.556926,4.600612,4.594755,4.542635,4.473913 1,-1,0,6.592571,8.349645,8.392416,8.460869,8.514796,8.523071,8.480958,8.412668 1,-1,0,5.948124,8.400854,8.466772,8.527544,8.547966,8.516343,8.450812,8.389483
0,1,0,6.324001,8.561929,8.630359,8.673366,8.66621,8.612989,8.544419,8.50076 1,-1,0,3.873665,5.403372,5.465226,5.488097,5.459048,5.394532,5.331857,5.308313 1,-1,0,2.601487,1.791535,1.795615,1.84853,1.917064,1.961446,1.957712,1.907827 1,-1,0,5.567768,5.66311,5.664641,5.714903,5.783741,5.830875,5.829387,5.780121 1,-1,0,2.248253,4.149081,4.201539,4.270174,4.314931,4.310521,4.259405,4.190594 1,-1,0,6.374647,8.08936,8.131153,8.199459,8.254135,8.263628,8.222509,8.154396 1,-1,0,5.649045,8.102316,8.168306,8.228963,8.249165,8.217354,8.151762,8.090526
0,1,0,6.08687,8.15473,8.223266,8.267038,8.260884,8.208324,8.139662,8.095202 1,-1,0,3.796507,4.980104,5.041796,5.06437,5.035097,4.97051,4.907923,4.884625 1,-1,0,2.804489,1.978535,1.968562,2.011392,2.079937,2.133606,2.142811,2.102659 1,-1,0,5.585364,5.832479,5.829336,5.876287,5.945137,5.995507,5.998563,5.952576 1,-1,0,2.058364,3.975912,4.02392,4.092801,4.142178,4.144103,4.097504,4.028703 1,-1,0,6.163623,7.992544,8.031479,8.099244,8.155964,8.168877,8.1306,8.063098 1,-1,0,5.35007,7.778337,7.84361,7.905344,7.927782,7.898096,7.833277,7.77097
0,1,0,5.855509,7.891819,7.96022,8.003045,7.995699,7.94238,7.873824,7.830292 1,-1,0,3.741879,4.78901,4.849196,4.868743,4.836652,4.771036,4.709852,4.689642 1,-1,0,3.023671,1.9323,1.912129,1.946411,2.01324,2.07246,2.091085,2.059213 1,-1,0,5.618947,5.739076,5.732552,5.776986,5.845653,5.898213,5.904554,5.861088 1,-1,0,1.897125,3.703115,3.749525,3.818355,3.86919,3.873294,3.828385,3.759738 1,-1,0,5.960233,7.743509,7.781237,7.848731,7.906248,7.920566,7.883505,7.816312 1,-1,0,5.051216,7.479018,7.54435,7.606003,7.628284,7.598469,7.533606,7.471356
0,1,0,5.63063,7.631644,7.699877,7.741676,7.733059,7.678946,7.610526,7.568003 1,-1,0,3.710774,4.609534,4.667944,4.684173,4.649108,4.582533,4.523019,4.50621 1,-1,0,3.255767,1.932089,1.901903,1.926481,1.990009,2.053754,2.081739,2.059015 1,-1,0,5.668229,5.660051,5.650058,5.691782,5.760092,5.814786,5.824496,5.78373 1,-1,0,1.772373,3.434857,3.479358,3.548049,3.600505,3.607108,3.564202,3.495828 1,-1,0,5.765285,7.498208,7.53463,7.601802,7.66014,7.675948,7.6402,7.573369 1,-1,0,4.752506,7.179756,7.245152,7.306716,7.328828,7.298873,7.233963,7.171774
0,1,0,5.413039,7.374495,7.44252,7.483205,7.473232,7.41829,7.350041,7.308615 1,-1,0,3.703786,4.443083,4.499411,4.512016,4.473835,4.406407,4.348874,4.335794 1,-1,0,3.498206,1.977916,1.938617,1.952984,2.01175,2.078635,2.115334,2.102077 1,-1,0,5.732808,5.596013,5.582487,5.621316,5.689082,5.745829,5.758972,5.721077 1,-1,0,1.692197,3.172291,3.214488,3.282906,3.33716,3.346646,3.306136,3.238209 1,-1,0,5.579662,7.257018,7.292027,7.358818,7.418002,7.435388,7.401058,7.33465 1,-1,0,4.453969,6.880558,6.946022,7.00749,7.029418,6.999311,6.934351,6.872229
0,1,0,5.203651,7.120699,7.18847,7.227944,7.216523,7.160715,7.09268,7.052449 1,-1,0,3.721051,4.291173,4.345078,4.353746,4.312331,4.2442,4.188998,4.179988 1,-1,0,3.748983,2.066721,2.019712,2.024096,2.07705,2.145586,2.189894,2.185843 1,-1,0,5.812172,5.547481,5.530385,5.566149,5.633175,5.691869,5.708481,5.673615 1,-1,0,1.663055,2.916953,2.956338,3.024283,3.080525,3.093357,3.055738,2.988509 1,-1,0,5.404328,7.020362,7.053839,7.120184,7.180233,7.199293,7.166495,7.100583 1,-1,0,4.155644,6.581434,6.646971,6.708333,6.730061,6.699789,6.634774,6.572725
0,1,0,5.003498,6.870629,6.938091,6.976245,6.963275,6.906567,6.838794,6.799869 1,-1,0,3.762234,4.1554,4.206507,4.210929,4.166198,4.097567,4.045084,4.04048 1,-1,0,4.006533,2.19329,2.140149,2.135364,2.182003,2.250856,2.301442,2.305883 1,-1,0,5.905727,5.514865,5.494193,5.526738,5.592822,5.653334,5.673426,5.641727 1,-1,0,1.687595,2.670917,2.706831,2.774005,2.832426,2.849153,2.815055,2.748885 1,-1,0,5.240314,6.788717,6.820532,6.886352,6.947284,6.968115,6.936977,6.871642 1,-1,0,3.857578,6.282392,6.348009,6.409255,6.430764,6.400312,6.335237,6.273269
0,1,0,4.813729,6.624706,6.691794,6.728507,6.713881,6.656236,6.588786,6.55129 1,-1,0,3.826564,4.037392,4.085303,4.085185,4.037103,3.968233,3.918891,3.919013 1,-1,0,4.269629,2.351532,2.293739,2.28092,2.321236,2.389387,2.444921,2.456884 1,-1,0,6.012809,5.498447,5.474227,5.503421,5.568362,5.630542,5.654092,5.62568 1,-1,0,1.763576,2.437003,2.46859,2.534545,2.59531,2.61658,2.5868,2.522212 1,-1,0,5.088715,6.56261,6.592621,6.657827,6.719654,6.742362,6.713021,6.648357 1,-1,0,3.559838,5.983447,6.04915,6.110267,6.131535,6.100886,6.035745,5.973867
0,1,0,4.635622,6.383409,6.450047,6.485185,6.468787,6.410171,6.343115,6.307185 1,-1,0,3.912899,3.938746,3.983052,3.978135,3.926729,3.857938,3.812178,3.817309 1,-1,0,4.537308,2.535525,2.474315,2.454671,2.489003,2.555775,2.615079,2.633527 1,-1,0,6.132711,5.498372,5.470663,5.496405,5.560005,5.623684,5.650642,5.625607 1,-1,0,1.884787,2.219046,2.245203,2.309271,2.372474,2.399022,2.37456,2.312301 1,-1,0,4.950671,6.342637,6.370687,6.435175,6.497904,6.522596,6.495202,6.431317 1,-1,0,3.262511,5.684613,5.750411,5.811383,5.832386,5.801519,5.736307,5.674528
0,1,0,4.470569,6.147283,6.213381,6.246794,6.228499,6.168882,6.102303,6.068094 1,-1,0,4.019822,3.860946,3.901244,3.89132,3.836692,3.768355,3.726621,3.736982 1,-1,0,4.808804,2.740086,2.676422,2.65108,2.679951,2.744959,2.807069,2.831015 1,-1,0,6.264695,5.514643,5.483535,5.50575,5.567823,5.632817,5.663105,5.64151 1,-1,0,2.043195,2.022214,2.041552,2.102748,2.168325,2.200936,2.183011,2.124128 1,-1,0,4.827346,6.129455,6.155376,6.219026,6.282655,6.309444,6.284159,6.221175 1,-1,0,2.965723,5.385908,5.451809,5.512621,5.533328,5.502221,5.436931,5.375263
0,1,0,4.320068,5.916948,5.982399,6.013922,5.993597,5.932953,5.86695,5.834634 1,-1,0,4.14574,3.805271,3.841185,3.826119,3.768448,3.700989,3.663701,3.679432 1,-1,0,5.083505,2.960955,2.895555,2.865492,2.889487,2.952561,3.016726,3.045297 1,-1,0,6.408016,5.547113,5.512727,5.531374,5.591749,5.657866,5.691376,5.673255 1,-1,0,2.23089,1.853249,1.864118,1.921033,1.988626,2.028038,2.018052,1.963951 1,-1,0,4.719894,5.9238,5.947407,6.010083,6.074599,6.103597,6.080596,6.018654 1,-1,0,2.669652,5.087356,5.15337,5.214001,5.234379,5.203005,5.137628,5.076085
0,1,0,4.185688,5.693107,5.757786,5.787233,5.764738,5.703047,5.637739,5.607507 1,-1,0,4.28898,3.772701,3.803906,3.78365,3.723198,3.657066,3.624597,3.645737 1,-1,0,5.360919,3.194752,3.128136,3.094165,3.113862,3.17497,3.240623,3.273074 1,-1,0,6.561931,5.595503,5.557981,5.573052,5.631577,5.69862,5.735221,5.720577 1,-1,0,2.441126,1.720383,1.721027,1.771774,1.840553,1.887261,1.886673,1.8391 1,-1,0,4.62942,5.726482,5.747578,5.809124,5.8745,5.90582,5.885291,5.82455 1,-1,0,2.374569,4.788984,4.855123,4.915549,4.935557,4.903883,4.838411,4.77701
0,1,0,4.069028,5.476553,5.540315,5.567483,5.54267,5.479922,5.415449,5.387514 1,-1,0,4.447869,3.763835,3.790079,3.764681,3.701784,3.637437,3.610084,3.636562 1,-1,0,5.640646,3.438842,3.371387,3.334169,3.350097,3.40929,3.47601,3.511725 1,-1,0,6.725712,5.659403,5.618911,5.630429,5.686973,5.754745,5.794287,5.783096 1,-1,0,2.66858,1.632452,1.621398,1.66373,1.732234,1.786216,1.796256,1.75712 1,-1,0,4.556935,5.53839,5.556765,5.617003,5.683198,5.71695,5.699091,5.63973 1,-1,0,2.080892,4.490828,4.557105,4.617296,4.636885,4.604875,4.539296,4.478056
0,1,7,5.203651,5.268189,5.330862,5.355529,5.328244,5.264443,5.20097,3.797036 1,-1,7,3.717957,3.778841,3.799961,3.769567,3.704619,3.642494,3.620456,4.398593 1,-1,7,3.747099,3.691181,3.623155,3.583225,3.595852,3.653228,3.720706,5.915205 1,-1,7,5.806829,5.738295,5.695012,5.70303,5.757488,5.825796,5.868114,7.020591 1,-1,7,1.660071,1.596899,1.57351,1.605246,1.671417,1.731873,1.75315,2.966872 1,-1,7,5.397735,5.360499,5.375931,5.434661,5.501612,5.5379,5.522919,4.726356 1,-1,7,4.159412,4.192937,4.259367,4.319287,4.338399,4.306006,4.240307,1.834648
0,1,7,5.003498,5.069024,5.130408,5.15233,5.12242,5.057586,4.995307,3.529586 1,-1,7,3.759283,3.817437,3.833367,3.798217,3.731649,3.672136,3.655503,4.369406 1,-1,7,4.004466,3.950191,3.881784,3.839573,3.849305,3.904983,3.97299,6.192125 1,-1,7,5.900362,5.83157,5.785686,5.790282,5.842574,5.911237,5.956154,7.315887 1,-1,7,1.684291,1.61718,1.582067,1.601759,1.663321,1.728641,1.760834,3.265477 1,-1,7,5.233788,5.193855,5.206116,5.263113,5.330735,5.369651,5.357765,4.90828 1,-1,7,3.861309,3.89537,3.96197,4.021574,4.040137,4.007306,3.941473,1.606785
0,1,7,4.813729,4.880183,4.94005,4.958964,4.926275,4.860452,4.799593,3.267793 1,-1,7,3.823769,3.878919,3.889692,3.8501,3.782355,3.725775,3.714526,4.36071 1,-1,7,4.267406,4.21464,4.145992,4.101846,4.109033,4.163137,4.231507,6.471103 1,-1,7,6.007434,5.938552,5.89026,5.891535,5.941605,6.010452,6.057786,7.611551 1,-1,7,1.760067,1.691288,1.646188,1.653617,1.708694,1.7768,1.818664,3.564317 1,-1,7,5.082277,5.039575,5.04843,5.103447,5.171628,5.213249,5.204675,5.101371 1,-1,7,3.563525,3.598207,3.664998,3.724228,3.742153,3.708817,3.64283,1.406265
0,1,6,4.635621,4.70291,4.760996,4.776624,4.741011,4.674271,2.978307,4.598917 1,-1,6,3.91027,3.962222,3.96796,3.924295,3.855802,3.802397,4.1552,3.841527 1,-1,6,4.534949,4.483568,4.414777,4.368977,4.373918,4.426572,6.598429,4.539709 1,-1,6,6.127338,6.058514,6.008009,6.006081,6.053897,6.122774,7.857895,6.174216 1,-1,6,1.881181,1.812634,1.759812,1.755923,1.803507,1.872388,3.764837,1.925672 1,-1,6,4.944344,4.898826,4.904043,4.956812,5.025409,5.069791,5.400802,5.013112 1,-1,6,3.266145,3.301556,3.368561,3.427344,3.444518,3.410591,1.475483,3.284162
0,1,6,4.470569,4.538563,4.594571,4.60662,4.567952,4.500403,2.691124,4.430714 1,-1,6,4.017364,4.066004,4.066904,4.019566,3.950723,3.900646,3.961765,3.948483 1,-1,6,4.806325,4.756214,4.687351,4.640127,4.643077,4.694396,6.736717,4.809173 1,-1,6,6.259335,6.190701,6.138174,6.133174,6.178728,6.247494,8.107856,6.303977 1,-1,6,2.039569,1.972518,1.914142,1.900548,1.940526,2.008645,3.977893,2.076872 1,-1,6,4.821156,4.772807,4.774164,4.824397,4.893234,4.940404,5.700292,4.890039 1,-1,6,2.969294,3.005571,3.072817,3.131054,3.147333,3.112708,1.598913,2.986454
0,1,6,4.320068,4.388592,4.442194,4.450367,4.408536,4.340327,2.407071,4.276963 1,-1,6,4.143454,4.188743,4.185058,4.134456,4.065613,4.018937,3.782258,4.074764 1,-1,6,5.080922,5.031973,4.96309,4.914631,4.915808,4.965901,6.885307,5.08206 1,-1,6,6.402677,6.334348,6.279982,6.272052,6.315352,6.383886,8.361109,6.4451 1,-1,6,2.227295,2.162409,2.100224,2.078678,2.11155,2.177951,4.201581,2.258005 1,-1,6,4.713867,4.662711,4.660004,4.707401,4.776269,4.826221,5.999833,4.782642 1,-1,6,2.673145,2.710469,2.777986,2.835546,2.850738,2.815274,1.765218,2.689255
0,1,6,4.185689,4.254518,4.305356,4.30936,4.264293,4.195624,2.127399,4.139275 1,-1,6,4.286865,4.328829,4.320847,4.267381,4.198835,4.155559,3.618752,4.218636 1,-1,6,5.358243,5.310362,5.241495,5.191957,5.191548,5.240514,7.043547,5.357846 1,-1,6,6.556621,6.488694,6.432665,6.421951,6.463024,6.531218,8.617363,6.596855 1,-1,6,2.43759,2.375121,2.310399,2.282481,2.309035,2.373245,4.434289,2.462472 1,-1,6,4.623586,4.569689,4.562745,4.606999,4.675654,4.728343,6.299417,4.691998 1,-1,6,2.377963,2.416574,2.484393,2.54109,2.554938,2.518449,1.963534,2.392755
0,1,6,4.069029,4.137887,4.185581,4.185141,4.136809,4.067933,1.854095,4.019301 1,-1,6,4.445921,4.484634,4.472663,4.416714,4.348703,4.308769,3.473509,4.378364 1,-1,6,5.637887,5.590986,5.522161,5.471676,5.469842,5.517772,7.210801,5.636107 1,-1,6,6.720438,6.652994,6.595467,6.582118,6.621003,6.688769,8.87636,6.758527 1,-1,6,2.665117,2.605069,2.53869,2.505701,2.526786,2.58865,4.674673,2.68495 1,-1,6,4.551324,4.494802,4.483486,4.524296,4.592466,4.6478,6.59904,4.619095 1,-1,6,2.084157,2.124386,2.192535,2.2481,2.260245,2.222477,2.185163,2.097252
0,1,7,3.848814,3.917526,3.963055,3.959746,3.909438,3.840581,3.793582,1.573074 1,-1,7,4.463414,4.49848,4.482288,4.423915,4.356743,4.320527,4.337322,3.578511 1,-1,7,5.913695,5.866317,5.797468,5.747441,5.746245,5.794605,5.863488,7.506318 1,-1,7,6.978185,6.91098,6.852832,6.838339,6.876235,6.943777,7.001169,9.166224 1,-1,7,2.944365,2.884675,2.818107,2.784384,2.804501,2.865862,2.931346,4.970912 1,-1,7,4.653982,4.595298,4.580064,4.617583,4.685071,4.742643,4.757357,6.804153 1,-1,7,1.82163,1.859077,1.926701,1.984035,1.999369,1.964598,1.898324,2.233194
0,1,7,3.583022,3.651507,3.695148,3.689456,3.637584,3.568832,3.523627,1.300559 1,-1,7,4.43309,4.464119,4.443508,4.382814,4.316835,4.284739,4.30611,3.704892 1,-1,7,6.189366,6.141006,6.072127,6.023068,6.023241,6.072539,6.141413,7.802177 1,-1,7,7.27391,7.206813,7.148401,7.133399,7.170839,7.238269,7.295962,9.45672 1,-1,7,3.242274,3.182173,3.115833,3.082801,3.103533,3.165128,3.230455,5.267578 1,-1,7,4.836996,4.776565,4.7579,4.792377,4.859065,4.918482,4.936541,7.016101 1,-1,7,1.586892,1.617984,1.683953,1.744735,1.766635,1.738203,1.674373,2.319348
0,1,6,3.323059,3.391165,3.432555,3.424118,3.370509,3.301978,1.01875,3.267793 1,-1,6,4.422952,4.449763,4.424773,4.362006,4.297547,4.269781,3.623628,4.359395 1,-1,6,6.467203,6.417962,6.349081,6.300923,6.302343,6.352481,7.980766,6.468587 1,-1,6,7.56997,7.502977,7.444324,7.428855,7.465873,7.533196,9.715704,7.606301 1,-1,6,3.540536,3.4801,3.413957,3.381499,3.402735,3.464521,5.511041,3.560824 1,-1,6,5.031255,4.969344,4.947548,4.979125,5.044911,5.105906,7.316072,5.096368 1,-1,6,1.377721,1.39985,1.462608,1.527026,1.557088,1.537224,2.59488,1.410968
0,1,6,1.622367,1.691226,1.739372,1.740928,1.695086,1.62639,0.751166,1.573074 1,-1,6,3.627313,3.628523,3.581499,3.512675,3.462288,3.46102,3.565829,3.57854 1,-1,6,7.489718,7.431843,7.364483,7.327324,7.342636,7.401209,8.166472,7.504699 1,-1,6,9.119421,9.05124,8.996164,8.986889,9.028968,9.097316,9.976989,9.160892 1,-1,6,4.931849,4.865155,4.805879,4.789485,4.825969,4.893197,5.759842,4.967287 1,-1,6,6.735369,6.672103,6.64707,6.675347,6.739914,6.80255,7.616044,6.799367 1,-1,6,2.170872,2.131911,2.146491,2.205283,2.272163,2.308758,2.875315,2.23878
0,1,6,1.353939,1.422371,1.46633,1.462778,1.413514,1.344632,0.52024,1.300559 1,-1,6,3.750202,3.74628,3.69559,3.626751,3.58018,3.584284,3.532646,3.705183 1,-1,6,7.785161,7.727028,7.659772,7.623015,7.63877,7.697569,8.358824,7.800588 1,-1,6,9.410362,9.342261,9.286856,9.277019,9.318637,9.38691,10.24039,9.451393 1,-1,6,5.229014,5.16246,5.102897,5.085906,5.121822,5.188897,6.013317,5.263954 1,-1,6,6.948279,6.884196,6.857154,6.883419,6.947191,7.010698,7.916019,7.011461 1,-1,6,2.255875,2.209785,2.215252,2.268783,2.33723,2.380854,3.159346,2.324702
